49.834000 2499.061180 4.368344s 0 100 50 100000 0.500000 2
46.500000 2499.154000 0.035364s 0 100 50 1000 0.500000 2
49.900000 2541.148000 1.165217s 0 100 50 1000 0.500000 1
49.900000 2541.148000 1.317377s 0 100 50 1000 0.500000 1
49.900000 2541.148000 1.147839s 0 100 50 1000 0.500000 1
51.000000 2733.760000 0.133197s 0 100 50 100 0.500000 1
49.790000 2485.191400 10.723437s 0 100 50 10000 0.500000 1
49.790000 2485.191400 10.946402s 0 100 50 10000 0.500000 1
0.000000 0.000000 0.000000s 0 100 50 10000 0.500000 1
0.000000 0.000000 0.000000s 0 100 50 10000 0.500000 1
0.000000 0.000000 0.000000s 0 100 50 10000 0.500000 1
0.000000 0.000000 0.000000s 0 100 50 10000 0.500000 1

