2 5 3 5 3 0.001591 1545814
0 4 1 2 3 
2 5 3 5 3 0.001137 15222
3 4 2 1 0 
2 5 3 5 3 0.002021 1977
2 4 1 0 3 
2 5 3 5 3 0.001817 1993
0 3 2 4 1 
2 5 3 5 3 0.001644 1691
3 4 1 0 2 
2 5 3 5 3 0.001670 1691
3 4 1 0 2 
2 1000 30 1000 30 2.363825 450441
271 642 844 191 97 324 842 775 243 345 173 942 924 273 803 219 990 260 548 107 934 185 352 662 214 267 761 61 651 950 521 56 564 121 52 839 638 24 166 672 268 302 316 894 458 379 176 827 446 569 162 661 95 226 988 180 245 648 758 452 668 372 35 650 533 794 131 582 442 630 192 700 362 500 869 523 978 896 888 724 543 655 925 871 251 83 684 396 3 193 540 799 909 536 628 680 492 979 0 96 632 776 148 373 209 188 969 656 949 307 314 817 840 266 809 325 109 183 757 954 383 459 470 413 653 541 32 91 287 744 615 539 88 75 992 44 158 138 513 709 641 926 415 567 468 220 921 769 255 409 103 944 294 20 370 170 309 201 918 119 848 623 111 558 64 571 122 378 346 343 163 229 976 439 512 393 960 124 520 9 862 261 742 286 238 74 262 991 149 664 403 388 573 557 253 21 448 600 717 689 546 704 473 679 854 181 559 851 299 599 190 94 549 456 454 340 1 322 252 344 999 115 462 359 463 418 159 28 931 846 673 845 437 422 993 532 203 510 899 117 502 825 80 70 221 423 408 128 850 411 801 652 893 916 139 889 695 101 179 611 153 637 551 710 212 213 399 516 696 30 690 484 813 594 980 560 691 522 759 65 371 553 836 749 681 427 318 892 507 39 834 566 802 285 334 917 350 898 577 487 972 647 278 347 930 447 612 784 998 186 493 855 499 249 257 904 941 248 113 685 534 59 143 657 986 430 247 385 73 60 928 719 168 906 957 182 235 329 414 872 509 244 586 797 785 815 494 161 835 933 858 711 48 397 187 627 622 565 445 232 475 705 332 945 354 908 788 376 355 535 283 624 435 663 242 639 265 11 863 53 884 160 511 14 488 184 634 922 914 787 823 874 366 531 118 912 222 583 402 927 626 194 865 259 692 943 482 331 547 883 962 636 63 951 963 137 68 224 678 735 756 948 321 54 5 791 897 77 880 361 155 808 134 905 658 274 843 807 297 353 189 552 398 47 767 875 436 6 7 84 474 683 754 755 699 603 231 592 530 497 392 879 878 216 478 812 58 952 796 38 955 154 228 589 174 876 593 886 524 298 730 172 563 496 105 975 861 753 768 781 351 763 50 780 358 240 900 85 929 529 587 575 449 400 789 313 722 743 480 279 915 40 369 727 773 556 725 431 308 381 964 341 241 41 645 732 472 937 726 108 486 328 811 127 649 913 585 451 919 581 701 295 708 995 806 69 471 428 716 200 22 289 670 177 250 959 282 736 771 164 772 609 342 598 613 169 751 406 196 734 86 269 810 465 207 204 528 156 476 621 246 902 460 33 619 145 312 940 349 614 4 206 455 401 847 106 631 27 382 588 434 469 210 644 720 438 859 305 444 199 12 375 364 873 821 687 374 903 150 977 45 440 71 745 270 146 819 515 317 464 320 994 46 853 277 967 514 416 104 367 907 786 87 841 281 466 263 215 958 506 985 141 542 798 120 554 202 961 25 774 856 315 147 739 10 616 544 234 895 764 729 920 93 966 225 485 698 195 608 832 311 386 576 197 762 2 901 503 67 37 561 646 537 102 19 868 574 783 230 236 89 288 233 467 635 293 290 982 208 301 130 425 666 223 76 110 973 490 327 682 910 974 42 620 424 394 562 747 43 750 491 98 760 665 633 881 99 935 968 483 778 387 610 938 504 706 142 525 292 498 135 49 421 239 590 365 526 306 291 404 495 336 16 816 319 604 989 335 407 939 860 997 326 545 707 15 443 792 481 659 390 677 820 779 519 527 330 669 866 501 8 79 82 790 814 971 693 51 81 116 360 864 151 140 36 125 275 517 237 92 211 368 800 877 450 461 867 596 508 822 55 597 617 996 420 489 984 591 57 715 570 752 550 849 675 714 175 338 78 733 323 770 625 688 165 218 595 932 178 818 136 339 885 426 713 674 671 126 723 890 568 26 795 870 477 304 891 857 748 13 23 276 686 777 607 432 831 66 702 505 18 580 129 284 518 555 152 987 965 887 417 697 676 356 429 31 272 17 712 837 227 167 740 737 923 667 584 479 983 112 303 718 852 412 728 337 348 793 824 380 395 357 782 654 829 947 830 805 721 410 123 300 766 828 171 826 981 205 264 144 703 833 441 601 419 389 72 643 640 90 765 882 62 198 538 256 377 746 280 660 34 453 731 970 602 217 946 296 133 157 738 132 618 391 254 405 457 114 605 579 953 936 694 433 838 629 572 578 741 606 384 363 956 804 911 310 333 258 29 100 
2 100000 30 1000 30 172.423807 442521
155 836 426 714 91 196 601 433 20 806 177 351 276 129 543 497 456 983 729 455 263 545 227 503 576 549 740 168 608 668 133 691 604 644 579 156 921 339 44 185 732 860 964 843 415 291 500 206 341 157 296 417 913 697 197 331 946 704 394 862 709 104 238 219 582 149 67 712 634 942 568 451 684 518 452 53 298 507 770 191 895 995 958 800 581 535 216 184 807 852 361 666 890 592 900 615 127 480 693 441 485 970 45 591 620 404 333 613 8 645 74 788 49 86 919 378 739 989 194 764 11 442 569 56 356 702 68 676 600 446 84 952 477 283 498 824 833 992 0 262 753 816 201 69 955 925 865 641 408 495 796 4 146 336 124 244 147 374 349 642 178 647 438 918 682 547 809 279 948 471 354 694 957 696 768 515 221 479 135 805 359 223 152 775 504 831 82 755 830 171 126 878 818 563 510 448 357 428 119 134 967 255 932 961 482 589 328 811 695 972 372 643 614 192 819 138 270 422 212 905 853 301 717 530 120 718 95 778 445 259 187 16 180 290 728 776 58 476 431 835 373 207 954 743 915 144 310 218 698 18 838 888 125 610 403 225 231 876 277 804 188 550 268 499 486 772 229 465 43 898 724 911 418 594 425 100 867 663 421 834 444 319 65 261 101 211 396 780 938 447 586 34 167 307 893 429 78 971 54 651 490 523 892 353 669 315 389 204 658 731 808 369 912 991 285 639 145 690 458 784 136 940 907 249 24 141 923 496 692 72 269 708 749 725 280 47 434 222 904 14 557 226 573 76 182 370 996 659 305 512 411 75 174 96 803 33 92 449 922 492 935 908 132 414 885 657 962 866 951 734 587 735 102 173 570 116 646 959 886 21 981 106 186 323 350 552 722 26 559 551 234 671 812 17 699 674 281 303 542 553 687 300 841 454 89 953 978 840 588 508 35 689 792 783 90 700 624 854 210 595 652 618 871 306 237 667 744 903 774 771 289 130 248 164 41 382 390 88 931 240 891 253 980 28 15 630 650 738 638 998 654 665 260 247 344 36 10 906 342 817 376 40 472 501 64 364 430 230 113 114 517 245 324 625 391 814 267 111 561 275 118 265 143 532 606 585 681 195 484 63 730 688 250 93 139 460 51 748 799 917 366 406 462 716 502 208 680 327 251 79 828 920 363 27 985 439 325 863 214 837 318 846 383 123 832 720 839 984 801 466 314 384 61 506 670 795 166 258 19 577 829 436 81 751 616 165 914 304 416 242 160 947 99 57 153 857 679 628 973 531 427 450 949 380 936 726 875 420 747 516 575 367 777 845 77 882 939 934 392 179 464 362 410 861 453 686 483 849 596 556 727 257 220 883 236 340 46 491 522 678 541 6 758 672 950 901 264 979 440 802 848 874 148 763 742 870 617 347 856 419 320 621 534 308 7 489 756 108 884 388 309 80 655 200 673 170 633 432 968 791 790 332 605 412 599 677 228 851 387 193 619 781 648 121 943 715 150 820 232 294 461 235 765 213 66 282 292 407 399 241 656 181 172 937 584 246 773 469 660 377 810 103 239 580 386 827 355 640 463 607 198 786 1 538 360 525 741 869 997 896 762 122 842 142 711 736 60 474 137 897 385 924 583 368 572 797 825 637 365 536 189 71 514 313 626 334 761 513 560 105 117 864 612 960 859 397 50 352 487 873 322 274 203 509 271 162 706 375 990 409 233 880 73 629 435 98 470 521 348 611 868 565 42 94 754 398 3 926 209 190 9 437 928 110 316 993 317 154 564 22 705 894 488 713 930 494 622 175 555 299 297 381 710 929 330 779 941 475 757 199 787 631 899 566 131 2 609 760 443 284 511 844 254 457 653 32 128 554 343 326 358 558 473 243 597 39 400 745 526 723 85 52 345 877 737 159 544 821 746 879 205 627 87 986 70 815 25 927 881 826 183 163 273 850 982 733 527 413 519 55 963 176 31 215 107 97 112 395 62 578 12 161 822 468 945 59 782 933 546 252 272 424 752 944 38 266 5 528 278 759 649 29 169 977 293 537 965 423 603 766 916 83 635 707 910 994 256 987 636 312 533 520 703 302 459 321 295 975 287 505 794 798 115 909 217 571 140 37 405 562 887 721 685 664 662 683 540 590 48 789 524 493 202 813 23 872 539 976 974 393 338 30 988 769 158 675 567 823 785 701 346 379 858 311 574 224 969 793 750 288 593 855 478 623 632 661 481 402 109 719 337 548 956 151 602 999 902 467 13 966 889 767 335 329 529 401 847 286 371 598 
10 5 2 5 2 0.016852 1627
1 3 2 0 4 
10 5 2 5 2 33.794450 2267
1 3 2 0 4 
1 2 3 10 3 0.000832 6284
8 0 6 7 9 4 5 3 2 1 
1 2 3 10 3 0.000672 4208
7 5 1 2 3 6 0 8 4 9 
