
15 42 0 78 57 46 22 89 48 27 
0 15 22 27 42 46 48 57 78 89 

15 42 0 78 57 46 22 89 48 27 64 1 72 41 49 34 4 54 58 47 
0 1 4 15 22 27 34 41 42 46 47 48 49 54 57 58 64 72 78 89 

15 42 0 78 57 46 22 89 48 27 64 1 72 41 49 34 4 54 58 47 25 97 68 48 65 56 73 63 24 42 
0 1 4 15 22 24 25 27 34 41 42 42 46 47 48 48 49 54 56 57 58 63 64 65 68 72 73 78 89 97 

15 42 0 78 57 46 22 89 48 27 
0 15 22 27 42 46 48 57 78 89 

15 42 0 78 57 46 22 89 48 27 64 1 72 41 49 34 4 54 58 47 
0 1 4 15 22 27 34 41 42 46 47 48 49 54 57 58 64 72 78 89 

15 42 0 78 57 46 22 89 48 27 64 1 72 41 49 34 4 54 58 47 25 97 68 48 65 56 73 63 24 42 
0 1 4 15 22 24 25 27 34 41 42 42 46 47 48 48 49 54 56 57 58 63 64 65 68 72 73 78 89 97 

15 42 0 78 57 46 22 89 48 27 
0 15 22 27 42 46 48 57 78 89 

15 42 0 78 57 46 22 89 48 27 64 1 72 41 49 34 4 54 58 47 
0 1 4 15 22 27 34 41 42 46 47 48 49 54 57 58 64 72 78 89 

15 42 0 78 57 46 22 89 48 27 64 1 72 41 49 34 4 54 58 47 25 97 68 48 65 56 73 63 24 42 
0 1 4 15 22 24 25 27 34 41 42 42 46 47 48 48 49 54 56 57 58 63 64 65 68 72 73 78 89 97 

15 42 0 78 57 46 22 89 48 27 
0 15 22 27 42 46 48 57 78 89 

15 42 0 78 57 46 22 89 48 27 64 1 72 41 49 34 4 54 58 47 
0 1 4 15 22 27 34 41 42 46 47 48 49 54 57 58 64 72 78 89 

15 42 0 78 57 46 22 89 48 27 64 1 72 41 49 34 4 54 58 47 25 97 68 48 65 56 73 63 24 42 
0 1 4 15 22 24 25 27 34 41 42 42 46 47 48 48 49 54 56 57 58 63 64 65 68 72 73 78 89 97 

15 42 0 78 57 46 22 89 48 27 
0 15 22 27 42 46 48 57 78 89 

15 42 0 78 57 46 22 89 48 27 64 1 72 41 49 34 4 54 58 47 
0 1 4 15 22 27 34 41 42 46 47 48 49 54 57 58 64 72 78 89 

15 42 0 78 57 46 22 89 48 27 64 1 72 41 49 34 4 54 58 47 25 97 68 48 65 56 73 63 24 42 
0 1 4 15 22 24 25 27 34 41 42 42 46 47 48 48 49 54 56 57 58 63 64 65 68 72 73 78 89 97 

