0.005072s 10000 10000 1
0.006524s 20000 20000 1
0.005611s 30000 30000 1
0.006510s 40000 40000 1
0.009894s 50000 50000 1
0.009732s 60000 60000 1
0.012295s 70000 70000 1
0.015114s 80000 80000 1
0.015879s 90000 90000 1
0.017968s 100000 100000 1
0.025100s 110000 110000 1
0.021034s 120000 120000 1
0.030271s 130000 130000 1
0.024883s 140000 140000 1
0.027028s 150000 150000 1
0.029011s 160000 160000 1
0.030247s 170000 170000 1
0.038970s 180000 180000 1
0.034197s 190000 190000 1
0.037795s 200000 200000 1
0.046022s 210000 210000 1
0.041209s 220000 220000 1
0.044316s 230000 230000 1
0.046162s 240000 240000 1
0.051128s 250000 250000 1
0.048113s 260000 260000 1
0.052985s 270000 270000 1
0.059104s 280000 280000 1
0.060239s 290000 290000 1
0.058008s 300000 300000 1
0.066878s 310000 310000 1
0.070637s 320000 320000 1
0.073986s 330000 330000 1
0.071726s 340000 340000 1
0.069649s 350000 350000 1
0.066979s 360000 360000 1
0.070668s 370000 370000 1
0.078616s 380000 380000 1
0.072938s 390000 390000 1
0.087110s 400000 400000 1
0.077130s 410000 410000 1
0.081753s 420000 420000 1
0.087595s 430000 430000 1
0.087765s 440000 440000 1
0.093629s 450000 450000 1
0.105012s 460000 460000 1
0.093844s 470000 470000 1
0.114962s 480000 480000 1
0.095815s 490000 490000 1
0.097894s 500000 500000 1
0.105006s 510000 510000 1
0.103127s 520000 520000 1
0.104338s 530000 530000 1
0.103852s 540000 540000 1
0.120876s 550000 550000 1
0.116533s 560000 560000 1
0.117613s 570000 570000 1
0.126774s 580000 580000 1
0.117319s 590000 590000 1
0.123614s 600000 600000 1
0.140070s 610000 610000 1
0.127263s 620000 620000 1
0.122380s 630000 630000 1
0.135373s 640000 640000 1
0.148160s 650000 650000 1
0.136703s 660000 660000 1
0.147640s 670000 670000 1
0.139603s 680000 680000 1
0.167271s 690000 690000 1
0.151692s 700000 700000 1
0.167148s 710000 710000 1
0.172752s 720000 720000 1
0.159657s 730000 730000 1
0.161297s 740000 740000 1
0.178836s 750000 750000 1
0.156191s 760000 760000 1
0.157588s 770000 770000 1
0.163554s 780000 780000 1
0.158121s 790000 790000 1
0.188464s 800000 800000 1
0.189814s 810000 810000 1
0.191336s 820000 820000 1
0.188217s 830000 830000 1
0.179115s 840000 840000 1
0.181533s 850000 850000 1
0.178422s 860000 860000 1
0.200963s 870000 870000 1
0.219082s 880000 880000 1
0.207890s 890000 890000 1
0.201768s 900000 900000 1
0.217830s 910000 910000 1
0.197391s 920000 920000 1
0.236405s 930000 930000 1
0.228528s 940000 940000 1
0.236155s 950000 950000 1
0.200373s 960000 960000 1
0.210867s 970000 970000 1
0.245644s 980000 980000 1
0.221163s 990000 990000 1
0.213321s 1000000 1000000 1
0.214387s 1010000 1010000 1
0.211947s 1020000 1020000 1
0.260304s 1030000 1030000 1
0.254414s 1040000 1040000 1
0.220724s 1050000 1050000 1
0.238142s 1060000 1060000 1
0.250030s 1070000 1070000 1
0.219983s 1080000 1080000 1
0.271393s 1090000 1090000 1
0.256840s 1100000 1100000 1
0.275596s 1110000 1110000 1
0.282378s 1120000 1120000 1
0.286776s 1130000 1130000 1
0.290447s 1140000 1140000 1
0.265903s 1150000 1150000 1
0.292640s 1160000 1160000 1
0.261663s 1170000 1170000 1
0.276213s 1180000 1180000 1
0.245274s 1190000 1190000 1
0.282944s 1200000 1200000 1
0.294572s 1210000 1210000 1
0.285973s 1220000 1220000 1
0.301482s 1230000 1230000 1
0.316966s 1240000 1240000 1
0.299992s 1250000 1250000 1
0.337761s 1260000 1260000 1
0.296582s 1270000 1270000 1
0.302463s 1280000 1280000 1
0.293936s 1290000 1290000 1
0.301337s 1300000 1300000 1
0.308041s 1310000 1310000 1
0.304210s 1320000 1320000 1
0.325888s 1330000 1330000 1
0.274735s 1340000 1340000 1
0.286993s 1350000 1350000 1
0.365567s 1360000 1360000 1
0.301164s 1370000 1370000 1
0.342957s 1380000 1380000 1
0.306389s 1390000 1390000 1
0.336002s 1400000 1400000 1
0.350173s 1410000 1410000 1
0.339086s 1420000 1420000 1
0.372277s 1430000 1430000 1
0.349941s 1440000 1440000 1
0.365632s 1450000 1450000 1
0.304335s 1460000 1460000 1
0.300363s 1470000 1470000 1
0.308243s 1480000 1480000 1
0.313484s 1490000 1490000 1
0.310803s 1500000 1500000 1
0.321021s 1510000 1510000 1
0.318872s 1520000 1520000 1
0.321077s 1530000 1530000 1
0.321204s 1540000 1540000 1
0.367256s 1550000 1550000 1
0.332234s 1560000 1560000 1
0.326228s 1570000 1570000 1
0.331305s 1580000 1580000 1
0.332458s 1590000 1590000 1
0.330666s 1600000 1600000 1
0.334340s 1610000 1610000 1
0.347020s 1620000 1620000 1
0.342658s 1630000 1630000 1
0.354851s 1640000 1640000 1
0.349831s 1650000 1650000 1
0.428911s 1660000 1660000 1
0.404344s 1670000 1670000 1
0.395148s 1680000 1680000 1
0.385592s 1690000 1690000 1
0.416565s 1700000 1700000 1
0.362611s 1710000 1710000 1
0.358397s 1720000 1720000 1
0.389051s 1730000 1730000 1
0.371326s 1740000 1740000 1
0.373156s 1750000 1750000 1
0.371562s 1760000 1760000 1
0.369406s 1770000 1770000 1
0.370958s 1780000 1780000 1
0.376274s 1790000 1790000 1
0.403400s 1800000 1800000 1
0.404103s 1810000 1810000 1
0.385196s 1820000 1820000 1
0.391305s 1830000 1830000 1
0.381679s 1840000 1840000 1
0.386634s 1850000 1850000 1
0.397794s 1860000 1860000 1
0.409548s 1870000 1870000 1
0.400623s 1880000 1880000 1
0.396254s 1890000 1890000 1
0.424056s 1900000 1900000 1
0.430890s 1910000 1910000 1
0.416412s 1920000 1920000 1
0.411685s 1930000 1930000 1
0.416354s 1940000 1940000 1
0.418115s 1950000 1950000 1
0.415401s 1960000 1960000 1
0.417743s 1970000 1970000 1
0.422766s 1980000 1980000 1
0.416605s 1990000 1990000 1
0.433228s 2000000 2000000 1
0.423128s 2010000 2010000 1
0.474306s 2020000 2020000 1
0.504500s 2030000 2030000 1
0.537059s 2040000 2040000 1
0.464256s 2050000 2050000 1
0.437202s 2060000 2060000 1
0.458834s 2070000 2070000 1
0.447689s 2080000 2080000 1
0.502416s 2090000 2090000 1
0.473392s 2100000 2100000 1
0.470636s 2110000 2110000 1
0.454549s 2120000 2120000 1
0.459764s 2130000 2130000 1
0.475355s 2140000 2140000 1
0.467991s 2150000 2150000 1
0.467751s 2160000 2160000 1
0.472136s 2170000 2170000 1
0.456927s 2180000 2180000 1
0.466843s 2190000 2190000 1
0.467487s 2200000 2200000 1
0.516305s 2210000 2210000 1
0.483567s 2220000 2220000 1
0.486643s 2230000 2230000 1
0.532761s 2240000 2240000 1
0.553885s 2250000 2250000 1
0.513381s 2260000 2260000 1
0.479326s 2270000 2270000 1
0.489586s 2280000 2280000 1
0.506889s 2290000 2290000 1
0.522818s 2300000 2300000 1
0.501191s 2310000 2310000 1
0.516897s 2320000 2320000 1
0.513562s 2330000 2330000 1
0.607141s 2340000 2340000 1
0.579200s 2350000 2350000 1
0.499775s 2360000 2360000 1
0.511049s 2370000 2370000 1
0.507923s 2380000 2380000 1
0.519292s 2390000 2390000 1
0.524175s 2400000 2400000 1
0.529214s 2410000 2410000 1
0.511226s 2420000 2420000 1
0.526617s 2430000 2430000 1
0.523043s 2440000 2440000 1
0.588790s 2450000 2450000 1
0.608691s 2460000 2460000 1
0.556895s 2470000 2470000 1
0.545375s 2480000 2480000 1
0.551670s 2490000 2490000 1
0.539372s 2500000 2500000 1
0.555227s 2510000 2510000 1
0.550185s 2520000 2520000 1
0.546090s 2530000 2530000 1
0.545243s 2540000 2540000 1
0.587867s 2550000 2550000 1
0.556442s 2560000 2560000 1
0.570925s 2570000 2570000 1
0.645519s 2580000 2580000 1
0.618649s 2590000 2590000 1
0.580087s 2600000 2600000 1
0.607604s 2610000 2610000 1
0.600052s 2620000 2620000 1
0.613498s 2630000 2630000 1
0.637089s 2640000 2640000 1
0.644521s 2650000 2650000 1
0.604835s 2660000 2660000 1
0.638036s 2670000 2670000 1
0.662461s 2680000 2680000 1
0.588529s 2690000 2690000 1
0.637619s 2700000 2700000 1
0.593292s 2710000 2710000 1
0.594955s 2720000 2720000 1
0.614927s 2730000 2730000 1
0.694563s 2740000 2740000 1
0.609677s 2750000 2750000 1
0.634775s 2760000 2760000 1
0.738391s 2770000 2770000 1
0.645851s 2780000 2780000 1
0.742743s 2790000 2790000 1
0.627855s 2800000 2800000 1
0.653547s 2810000 2810000 1
0.695985s 2820000 2820000 1
0.719679s 2830000 2830000 1
0.628367s 2840000 2840000 1
0.627469s 2850000 2850000 1
0.633141s 2860000 2860000 1
0.643968s 2870000 2870000 1
0.623730s 2880000 2880000 1
0.773595s 2890000 2890000 1
0.652667s 2900000 2900000 1
0.636719s 2910000 2910000 1
0.638137s 2920000 2920000 1
0.655864s 2930000 2930000 1
0.772627s 2940000 2940000 1
0.647890s 2950000 2950000 1
0.654025s 2960000 2960000 1
0.699057s 2970000 2970000 1
0.761632s 2980000 2980000 1
0.738011s 2990000 2990000 1
0.668945s 3000000 3000000 1
0.001304s 10000 5000 2
0.001815s 20000 10000 2
0.002737s 30000 15000 2
0.004508s 40000 20000 2
0.004522s 50000 25000 2
0.005493s 60000 30000 2
0.006639s 70000 35000 2
0.007584s 80000 40000 2
0.008970s 90000 45000 2
0.009736s 100000 50000 2
0.010769s 110000 55000 2
0.011586s 120000 60000 2
0.012664s 130000 65000 2
0.013607s 140000 70000 2
0.015251s 150000 75000 2
0.015638s 160000 80000 2
0.017294s 170000 85000 2
0.017937s 180000 90000 2
0.018837s 190000 95000 2
0.019963s 200000 100000 2
0.021592s 210000 105000 2
0.022114s 220000 110000 2
0.022791s 230000 115000 2
0.024134s 240000 120000 2
0.025711s 250000 125000 2
0.027349s 260000 130000 2
0.027244s 270000 135000 2
0.028978s 280000 140000 2
0.030402s 290000 145000 2
0.034048s 300000 150000 2
0.033580s 310000 155000 2
0.046658s 320000 160000 2
0.037511s 330000 165000 2
0.042588s 340000 170000 2
0.048038s 350000 175000 2
0.045435s 360000 180000 2
0.044374s 370000 185000 2
0.045607s 380000 190000 2
0.046790s 390000 195000 2
0.043768s 400000 200000 2
0.046733s 410000 205000 2
0.043982s 420000 210000 2
0.044812s 430000 215000 2
0.046166s 440000 220000 2
0.053072s 450000 225000 2
0.058652s 460000 230000 2
0.053124s 470000 235000 2
0.053681s 480000 240000 2
0.055688s 490000 245000 2
0.060770s 500000 250000 2
0.058822s 510000 255000 2
0.056634s 520000 260000 2
0.059580s 530000 265000 2
0.056959s 540000 270000 2
0.058435s 550000 275000 2
0.060740s 560000 280000 2
0.062707s 570000 285000 2
0.065274s 580000 290000 2
0.064394s 590000 295000 2
0.065287s 600000 300000 2
0.068682s 610000 305000 2
0.067995s 620000 310000 2
0.072379s 630000 315000 2
0.070915s 640000 320000 2
0.070282s 650000 325000 2
0.075493s 660000 330000 2
0.072139s 670000 335000 2
0.072528s 680000 340000 2
0.073986s 690000 345000 2
0.076276s 700000 350000 2
0.077792s 710000 355000 2
0.078126s 720000 360000 2
0.078278s 730000 365000 2
0.081213s 740000 370000 2
0.082302s 750000 375000 2
0.082404s 760000 380000 2
0.091852s 770000 385000 2
0.101975s 780000 390000 2
0.099846s 790000 395000 2
0.087382s 800000 400000 2
0.088072s 810000 405000 2
0.088874s 820000 410000 2
0.089995s 830000 415000 2
0.091041s 840000 420000 2
0.092243s 850000 425000 2
0.096077s 860000 430000 2
0.096397s 870000 435000 2
0.115423s 880000 440000 2
0.102909s 890000 445000 2
0.101843s 900000 450000 2
0.100339s 910000 455000 2
0.106448s 920000 460000 2
0.103835s 930000 465000 2
0.106406s 940000 470000 2
0.109900s 950000 475000 2
0.108511s 960000 480000 2
0.136341s 970000 485000 2
0.109499s 980000 490000 2
0.109690s 990000 495000 2
0.111616s 1000000 500000 2
0.110211s 1010000 505000 2
0.113282s 1020000 510000 2
0.113486s 1030000 515000 2
0.113918s 1040000 520000 2
0.119059s 1050000 525000 2
0.117421s 1060000 530000 2
0.123688s 1070000 535000 2
0.122367s 1080000 540000 2
0.125383s 1090000 545000 2
0.124254s 1100000 550000 2
0.146338s 1110000 555000 2
0.142759s 1120000 560000 2
0.155338s 1130000 565000 2
0.155247s 1140000 570000 2
0.139143s 1150000 575000 2
0.162417s 1160000 580000 2
0.149211s 1170000 585000 2
0.136723s 1180000 590000 2
0.141152s 1190000 595000 2
0.139213s 1200000 600000 2
0.136361s 1210000 605000 2
0.137292s 1220000 610000 2
0.148898s 1230000 615000 2
0.156562s 1240000 620000 2
0.156426s 1250000 625000 2
0.146900s 1260000 630000 2
0.166133s 1270000 635000 2
0.157903s 1280000 640000 2
0.143679s 1290000 645000 2
0.158558s 1300000 650000 2
0.167194s 1310000 655000 2
0.149581s 1320000 660000 2
0.168849s 1330000 665000 2
0.191445s 1340000 670000 2
0.171631s 1350000 675000 2
0.167712s 1360000 680000 2
0.178545s 1370000 685000 2
0.174099s 1380000 690000 2
0.173903s 1390000 695000 2
0.166264s 1400000 700000 2
0.162435s 1410000 705000 2
0.171062s 1420000 710000 2
0.180020s 1430000 715000 2
0.184289s 1440000 720000 2
0.187119s 1450000 725000 2
0.177237s 1460000 730000 2
0.182435s 1470000 735000 2
0.181654s 1480000 740000 2
0.171234s 1490000 745000 2
0.205025s 1500000 750000 2
0.191305s 1510000 755000 2
0.187538s 1520000 760000 2
0.191302s 1530000 765000 2
0.198338s 1540000 770000 2
0.183189s 1550000 775000 2
0.210263s 1560000 780000 2
0.201916s 1570000 785000 2
0.200872s 1580000 790000 2
0.185785s 1590000 795000 2
0.189759s 1600000 800000 2
0.184610s 1610000 805000 2
0.189208s 1620000 810000 2
0.190535s 1630000 815000 2
0.187151s 1640000 820000 2
0.188500s 1650000 825000 2
0.196143s 1660000 830000 2
0.206794s 1670000 835000 2
0.198265s 1680000 840000 2
0.197297s 1690000 845000 2
0.200813s 1700000 850000 2
0.200525s 1710000 855000 2
0.218726s 1720000 860000 2
0.200406s 1730000 865000 2
0.198283s 1740000 870000 2
0.202183s 1750000 875000 2
0.201065s 1760000 880000 2
0.202134s 1770000 885000 2
0.203322s 1780000 890000 2
0.207146s 1790000 895000 2
0.207655s 1800000 900000 2
0.210739s 1810000 905000 2
0.224446s 1820000 910000 2
0.252860s 1830000 915000 2
0.252375s 1840000 920000 2
0.215480s 1850000 925000 2
0.235512s 1860000 930000 2
0.215386s 1870000 935000 2
0.285943s 1880000 940000 2
0.245348s 1890000 945000 2
0.220781s 1900000 950000 2
0.226081s 1910000 955000 2
0.223635s 1920000 960000 2
0.223680s 1930000 965000 2
0.240331s 1940000 970000 2
0.288706s 1950000 975000 2
0.238913s 1960000 980000 2
0.238968s 1970000 985000 2
0.266580s 1980000 990000 2
0.252058s 1990000 995000 2
0.237515s 2000000 1000000 2
0.235728s 2010000 1005000 2
0.232432s 2020000 1010000 2
0.237283s 2030000 1015000 2
0.234273s 2040000 1020000 2
0.238990s 2050000 1025000 2
0.248549s 2060000 1030000 2
0.259973s 2070000 1035000 2
0.246060s 2080000 1040000 2
0.247785s 2090000 1045000 2
0.250635s 2100000 1050000 2
0.247542s 2110000 1055000 2
0.257067s 2120000 1060000 2
0.245748s 2130000 1065000 2
0.252263s 2140000 1070000 2
0.248642s 2150000 1075000 2
0.256205s 2160000 1080000 2
0.252071s 2170000 1085000 2
0.253709s 2180000 1090000 2
0.261037s 2190000 1095000 2
0.268440s 2200000 1100000 2
0.265840s 2210000 1105000 2
0.263730s 2220000 1110000 2
0.265957s 2230000 1115000 2
0.261649s 2240000 1120000 2
0.260302s 2250000 1125000 2
0.263236s 2260000 1130000 2
0.266919s 2270000 1135000 2
0.265951s 2280000 1140000 2
0.267231s 2290000 1145000 2
0.277016s 2300000 1150000 2
0.286765s 2310000 1155000 2
0.276751s 2320000 1160000 2
0.276682s 2330000 1165000 2
0.279672s 2340000 1170000 2
0.276899s 2350000 1175000 2
0.282252s 2360000 1180000 2
0.275421s 2370000 1185000 2
0.277374s 2380000 1190000 2
0.279561s 2390000 1195000 2
0.340958s 2400000 1200000 2
0.309816s 2410000 1205000 2
0.321512s 2420000 1210000 2
0.294976s 2430000 1215000 2
0.288838s 2440000 1220000 2
0.307947s 2450000 1225000 2
0.293724s 2460000 1230000 2
0.292221s 2470000 1235000 2
0.289328s 2480000 1240000 2
0.348013s 2490000 1245000 2
0.342426s 2500000 1250000 2
0.316863s 2510000 1255000 2
0.364080s 2520000 1260000 2
0.304039s 2530000 1265000 2
0.303397s 2540000 1270000 2
0.339293s 2550000 1275000 2
0.300141s 2560000 1280000 2
0.310637s 2570000 1285000 2
0.305756s 2580000 1290000 2
0.304212s 2590000 1295000 2
0.306787s 2600000 1300000 2
0.306319s 2610000 1305000 2
0.336516s 2620000 1310000 2
0.315660s 2630000 1315000 2
0.326941s 2640000 1320000 2
0.335364s 2650000 1325000 2
0.313874s 2660000 1330000 2
0.327027s 2670000 1335000 2
0.325125s 2680000 1340000 2
0.331193s 2690000 1345000 2
0.319998s 2700000 1350000 2
0.372294s 2710000 1355000 2
0.325144s 2720000 1360000 2
0.329585s 2730000 1365000 2
0.356580s 2740000 1370000 2
0.323086s 2750000 1375000 2
0.330182s 2760000 1380000 2
0.328621s 2770000 1385000 2
0.328854s 2780000 1390000 2
0.328739s 2790000 1395000 2
0.433394s 2800000 1400000 2
0.341729s 2810000 1405000 2
0.341822s 2820000 1410000 2
0.339530s 2830000 1415000 2
0.335685s 2840000 1420000 2
0.338634s 2850000 1425000 2
0.337735s 2860000 1430000 2
0.339897s 2870000 1435000 2
0.342630s 2880000 1440000 2
0.351327s 2890000 1445000 2
0.348864s 2900000 1450000 2
0.351364s 2910000 1455000 2
0.350660s 2920000 1460000 2
0.345392s 2930000 1465000 2
0.355720s 2940000 1470000 2
0.355193s 2950000 1475000 2
0.349229s 2960000 1480000 2
0.351939s 2970000 1485000 2
0.377054s 2980000 1490000 2
0.361143s 2990000 1495000 2
0.363457s 3000000 1500000 2
0.000871s 10000 2500 4
0.001496s 20000 5000 4
0.011756s 30000 7500 4
0.002748s 40000 10000 4
0.003460s 50000 12500 4
0.004202s 60000 15000 4
0.004845s 70000 17500 4
0.020393s 80000 20000 4
0.006314s 90000 22500 4
0.009809s 100000 25000 4
0.007988s 110000 27500 4
0.008468s 120000 30000 4
0.010906s 130000 32500 4
0.010036s 140000 35000 4
0.010781s 150000 37500 4
0.018072s 160000 40000 4
0.012177s 170000 42500 4
0.012874s 180000 45000 4
0.014128s 190000 47500 4
0.014994s 200000 50000 4
0.015136s 210000 52500 4
0.015866s 220000 55000 4
0.025959s 230000 57500 4
0.017248s 240000 60000 4
0.019316s 250000 62500 4
0.019155s 260000 65000 4
0.020100s 270000 67500 4
0.020518s 280000 70000 4
0.021561s 290000 72500 4
0.022011s 300000 75000 4
0.023055s 310000 77500 4
0.028652s 320000 80000 4
0.030251s 330000 82500 4
0.044117s 340000 85000 4
0.026192s 350000 87500 4
0.026132s 360000 90000 4
0.035817s 370000 92500 4
0.030200s 380000 95000 4
0.028628s 390000 97500 4
0.029893s 400000 100000 4
0.029908s 410000 102500 4
0.031444s 420000 105000 4
0.043808s 430000 107500 4
0.040996s 440000 110000 4
0.034080s 450000 112500 4
0.042570s 460000 115000 4
0.043589s 470000 117500 4
0.035133s 480000 120000 4
0.045191s 490000 122500 4
0.046278s 500000 125000 4
0.057982s 510000 127500 4
0.038613s 520000 130000 4
0.040335s 530000 132500 4
0.040661s 540000 135000 4
0.042653s 550000 137500 4
0.051207s 560000 140000 4
0.052528s 570000 142500 4
0.048786s 580000 145000 4
0.057593s 590000 147500 4
0.066887s 600000 150000 4
0.061153s 610000 152500 4
0.051772s 620000 155000 4
0.047309s 630000 157500 4
0.052721s 640000 160000 4
0.058607s 650000 162500 4
0.059100s 660000 165000 4
0.056923s 670000 167500 4
0.070713s 680000 170000 4
0.057215s 690000 172500 4
0.052990s 700000 175000 4
0.053856s 710000 177500 4
0.059616s 720000 180000 4
0.080867s 730000 182500 4
0.065226s 740000 185000 4
0.066641s 750000 187500 4
0.057521s 760000 190000 4
0.061803s 770000 192500 4
0.061020s 780000 195000 4
0.077780s 790000 197500 4
0.060625s 800000 200000 4
0.061334s 810000 202500 4
0.063479s 820000 205000 4
0.063256s 830000 207500 4
0.072929s 840000 210000 4
0.072968s 850000 212500 4
0.066026s 860000 215000 4
0.066374s 870000 217500 4
0.086755s 880000 220000 4
0.068466s 890000 222500 4
0.069612s 900000 225000 4
0.077988s 910000 227500 4
0.074281s 920000 230000 4
0.087524s 930000 232500 4
0.080862s 940000 235000 4
0.088397s 950000 237500 4
0.078889s 960000 240000 4
0.086980s 970000 242500 4
0.087060s 980000 245000 4
0.080562s 990000 247500 4
0.084641s 1000000 250000 4
0.087491s 1010000 252500 4
0.078892s 1020000 255000 4
0.079428s 1030000 257500 4
0.082984s 1040000 260000 4
0.091310s 1050000 262500 4
0.097787s 1060000 265000 4
0.092326s 1070000 267500 4
0.088937s 1080000 270000 4
0.086432s 1090000 272500 4
0.086435s 1100000 275000 4
0.093327s 1110000 277500 4
0.088655s 1120000 280000 4
0.089953s 1130000 282500 4
0.100126s 1140000 285000 4
0.097969s 1150000 287500 4
0.118597s 1160000 290000 4
0.114763s 1170000 292500 4
0.101419s 1180000 295000 4
0.103312s 1190000 297500 4
0.106934s 1200000 300000 4
0.104240s 1210000 302500 4
0.123518s 1220000 305000 4
0.099251s 1230000 307500 4
0.102115s 1240000 310000 4
0.113605s 1250000 312500 4
0.099875s 1260000 315000 4
0.109625s 1270000 317500 4
0.101518s 1280000 320000 4
0.120770s 1290000 322500 4
0.111436s 1300000 325000 4
0.104396s 1310000 327500 4
0.107888s 1320000 330000 4
0.105520s 1330000 332500 4
0.109167s 1340000 335000 4
0.118085s 1350000 337500 4
0.132556s 1360000 340000 4
0.116039s 1370000 342500 4
0.118622s 1380000 345000 4
0.116646s 1390000 347500 4
0.121401s 1400000 350000 4
0.117771s 1410000 352500 4
0.134095s 1420000 355000 4
0.124033s 1430000 357500 4
0.124506s 1440000 360000 4
0.124965s 1450000 362500 4
0.116098s 1460000 365000 4
0.119490s 1470000 367500 4
0.129810s 1480000 370000 4
0.124182s 1490000 372500 4
0.137844s 1500000 375000 4
0.130606s 1510000 377500 4
0.124948s 1520000 380000 4
0.122204s 1530000 382500 4
0.143827s 1540000 385000 4
0.143605s 1550000 387500 4
0.148188s 1560000 390000 4
0.135894s 1570000 392500 4
0.139800s 1580000 395000 4
0.144267s 1590000 397500 4
0.131631s 1600000 400000 4
0.138343s 1610000 402500 4
0.137629s 1620000 405000 4
0.130375s 1630000 407500 4
0.145675s 1640000 410000 4
0.146853s 1650000 412500 4
0.143246s 1660000 415000 4
0.152558s 1670000 417500 4
0.162310s 1680000 420000 4
0.144774s 1690000 422500 4
0.138189s 1700000 425000 4
0.159788s 1710000 427500 4
0.152784s 1720000 430000 4
0.141745s 1730000 432500 4
0.153157s 1740000 435000 4
0.148157s 1750000 437500 4
0.144349s 1760000 440000 4
0.143084s 1770000 442500 4
0.156854s 1780000 445000 4
0.154182s 1790000 447500 4
0.144571s 1800000 450000 4
0.152348s 1810000 452500 4
0.162876s 1820000 455000 4
0.147057s 1830000 457500 4
0.165415s 1840000 460000 4
0.168755s 1850000 462500 4
0.173401s 1860000 465000 4
0.158032s 1870000 467500 4
0.169078s 1880000 470000 4
0.172460s 1890000 472500 4
0.174872s 1900000 475000 4
0.170410s 1910000 477500 4
0.156260s 1920000 480000 4
0.162670s 1930000 482500 4
0.161048s 1940000 485000 4
0.173344s 1950000 487500 4
0.165167s 1960000 490000 4
0.168809s 1970000 492500 4
0.161110s 1980000 495000 4
0.186826s 1990000 497500 4
0.181502s 2000000 500000 4
0.169230s 2010000 502500 4
0.176436s 2020000 505000 4
0.184018s 2030000 507500 4
0.173728s 2040000 510000 4
0.167187s 2050000 512500 4
0.173451s 2060000 515000 4
0.181952s 2070000 517500 4
0.175026s 2080000 520000 4
0.170276s 2090000 522500 4
0.181878s 2100000 525000 4
0.180323s 2110000 527500 4
0.182246s 2120000 530000 4
0.202251s 2130000 532500 4
0.184218s 2140000 535000 4
0.195842s 2150000 537500 4
0.192798s 2160000 540000 4
0.192294s 2170000 542500 4
0.177996s 2180000 545000 4
0.187058s 2190000 547500 4
0.180088s 2200000 550000 4
0.185118s 2210000 552500 4
0.181360s 2220000 555000 4
0.196863s 2230000 557500 4
0.192827s 2240000 560000 4
0.183111s 2250000 562500 4
0.205488s 2260000 565000 4
0.195737s 2270000 567500 4
0.202476s 2280000 570000 4
0.199225s 2290000 572500 4
0.206882s 2300000 575000 4
0.199443s 2310000 577500 4
0.198816s 2320000 580000 4
0.199441s 2330000 582500 4
0.200400s 2340000 585000 4
0.196742s 2350000 587500 4
0.193673s 2360000 590000 4
0.199025s 2370000 592500 4
0.219412s 2380000 595000 4
0.217184s 2390000 597500 4
0.208038s 2400000 600000 4
0.219795s 2410000 602500 4
0.202684s 2420000 605000 4
0.209030s 2430000 607500 4
0.202556s 2440000 610000 4
0.208673s 2450000 612500 4
0.211951s 2460000 615000 4
0.204892s 2470000 617500 4
0.204613s 2480000 620000 4
0.229876s 2490000 622500 4
0.220980s 2500000 625000 4
0.212263s 2510000 627500 4
0.224241s 2520000 630000 4
0.216619s 2530000 632500 4
0.216612s 2540000 635000 4
0.215236s 2550000 637500 4
0.229378s 2560000 640000 4
0.216580s 2570000 642500 4
0.225090s 2580000 645000 4
0.237948s 2590000 647500 4
0.224310s 2600000 650000 4
0.228214s 2610000 652500 4
0.230134s 2620000 655000 4
0.233175s 2630000 657500 4
0.216758s 2640000 660000 4
0.228309s 2650000 662500 4
0.233780s 2660000 665000 4
0.224364s 2670000 667500 4
0.228004s 2680000 670000 4
0.254330s 2690000 672500 4
0.234195s 2700000 675000 4
0.237806s 2710000 677500 4
0.247694s 2720000 680000 4
0.239711s 2730000 682500 4
0.236673s 2740000 685000 4
0.229646s 2750000 687500 4
0.256179s 2760000 690000 4
0.234650s 2770000 692500 4
0.232797s 2780000 695000 4
0.258761s 2790000 697500 4
0.237028s 2800000 700000 4
0.239861s 2810000 702500 4
0.233716s 2820000 705000 4
0.233468s 2830000 707500 4
0.236459s 2840000 710000 4
0.242311s 2850000 712500 4
0.238730s 2860000 715000 4
0.240493s 2870000 717500 4
0.262240s 2880000 720000 4
0.249117s 2890000 722500 4
0.251430s 2900000 725000 4
0.254186s 2910000 727500 4
0.243211s 2920000 730000 4
0.244572s 2930000 732500 4
0.248475s 2940000 735000 4
0.244421s 2950000 737500 4
0.256315s 2960000 740000 4
0.257404s 2970000 742500 4
0.258836s 2980000 745000 4
0.263234s 2990000 747500 4
0.256237s 3000000 750000 4
0.018298s 10000 1250 8
0.019339s 20000 2500 8
0.018610s 30000 3750 8
0.040894s 40000 5000 8
0.048127s 50000 6250 8
0.020396s 60000 7500 8
0.021066s 70000 8750 8
0.015694s 80000 10000 8
0.020473s 90000 11250 8
0.025472s 100000 12500 8
0.017890s 110000 13750 8
0.020709s 120000 15000 8
0.028790s 130000 16250 8
0.024849s 140000 17500 8
0.067330s 150000 18750 8
0.051508s 160000 20000 8
0.074082s 170000 21250 8
0.022753s 180000 22500 8
0.063147s 190000 23750 8
0.054213s 200000 25000 8
0.034818s 210000 26250 8
0.027669s 220000 27500 8
0.053238s 230000 28750 8
0.037632s 240000 30000 8
0.080560s 250000 31250 8
0.058312s 260000 32500 8
0.048539s 270000 33750 8
0.046253s 280000 35000 8
0.053968s 290000 36250 8
0.058675s 300000 37500 8
0.101099s 310000 38750 8
0.039882s 320000 40000 8
0.100620s 330000 41250 8
0.091089s 340000 42500 8
0.064588s 350000 43750 8
0.054484s 360000 45000 8
0.080547s 370000 46250 8
0.064970s 380000 47500 8
0.093038s 390000 48750 8
0.087765s 400000 50000 8
0.120216s 410000 51250 8
0.048656s 420000 52500 8
0.066540s 430000 53750 8
0.082696s 440000 55000 8
0.087304s 450000 56250 8
0.071078s 460000 57500 8
0.056892s 470000 58750 8
0.075817s 480000 60000 8
0.067769s 490000 61250 8
0.115397s 500000 62500 8
0.095698s 510000 63750 8
0.131762s 520000 65000 8
0.074399s 530000 66250 8
0.073267s 540000 67500 8
0.116300s 550000 68750 8
0.081586s 560000 70000 8
0.081361s 570000 71250 8
0.161389s 580000 72500 8
0.090728s 590000 73750 8
0.090716s 600000 75000 8
0.088240s 610000 76250 8
0.091211s 620000 77500 8
0.121991s 630000 78750 8
0.139689s 640000 80000 8
0.064323s 650000 81250 8
0.140268s 660000 82500 8
0.137811s 670000 83750 8
0.088286s 680000 85000 8
0.124280s 690000 86250 8
0.116490s 700000 87500 8
0.149432s 710000 88750 8
0.106628s 720000 90000 8
0.121380s 730000 91250 8
0.113113s 740000 92500 8
0.090441s 750000 93750 8
0.145918s 760000 95000 8
0.119673s 770000 96250 8
0.105058s 780000 97500 8
0.104441s 790000 98750 8
0.141826s 800000 100000 8
0.177184s 810000 101250 8
0.110942s 820000 102500 8
0.111060s 830000 103750 8
0.104795s 840000 105000 8
0.135438s 850000 106250 8
0.157429s 860000 107500 8
0.117862s 870000 108750 8
0.130997s 880000 110000 8
0.131427s 890000 111250 8
0.098378s 900000 112500 8
0.091115s 910000 113750 8
0.112658s 920000 115000 8
0.117576s 930000 116250 8
0.178033s 940000 117500 8
0.143882s 950000 118750 8
0.141919s 960000 120000 8
0.142830s 970000 121250 8
0.160795s 980000 122500 8
0.131735s 990000 123750 8
0.145401s 1000000 125000 8
0.143582s 1010000 126250 8
0.134869s 1020000 127500 8
0.122399s 1030000 128750 8
0.132912s 1040000 130000 8
0.146970s 1050000 131250 8
0.129022s 1060000 132500 8
0.122617s 1070000 133750 8
0.127482s 1080000 135000 8
0.176946s 1090000 136250 8
0.132016s 1100000 137500 8
0.135798s 1110000 138750 8
0.135425s 1120000 140000 8
0.195855s 1130000 141250 8
0.200998s 1140000 142500 8
0.166388s 1150000 143750 8
0.161380s 1160000 145000 8
0.181091s 1170000 146250 8
0.152123s 1180000 147500 8
0.200060s 1190000 148750 8
0.154851s 1200000 150000 8
0.148602s 1210000 151250 8
0.167224s 1220000 152500 8
0.153452s 1230000 153750 8
0.130459s 1240000 155000 8
0.168290s 1250000 156250 8
0.164727s 1260000 157500 8
0.149532s 1270000 158750 8
0.201087s 1280000 160000 8
0.174049s 1290000 161250 8
0.147071s 1300000 162500 8
0.187366s 1310000 163750 8
0.155761s 1320000 165000 8
0.199978s 1330000 166250 8
0.178454s 1340000 167500 8
0.211350s 1350000 168750 8
0.173877s 1360000 170000 8
0.166537s 1370000 171250 8
0.165904s 1380000 172500 8
0.180619s 1390000 173750 8
0.202248s 1400000 175000 8
0.179711s 1410000 176250 8
0.198455s 1420000 177500 8
0.182246s 1430000 178750 8
0.182940s 1440000 180000 8
0.189649s 1450000 181250 8
0.152791s 1460000 182500 8
0.165217s 1470000 183750 8
0.165164s 1480000 185000 8
0.152000s 1490000 186250 8
0.156624s 1500000 187500 8
0.206804s 1510000 188750 8
0.194361s 1520000 190000 8
0.206251s 1530000 191250 8
0.196301s 1540000 192500 8
0.201466s 1550000 193750 8
0.174316s 1560000 195000 8
0.192561s 1570000 196250 8
0.181126s 1580000 197500 8
0.197252s 1590000 198750 8
0.191010s 1600000 200000 8
0.214904s 1610000 201250 8
0.182540s 1620000 202500 8
0.211535s 1630000 203750 8
0.190095s 1640000 205000 8
0.209323s 1650000 206250 8
0.184565s 1660000 207500 8
0.213578s 1670000 208750 8
0.210406s 1680000 210000 8
0.206178s 1690000 211250 8
0.221145s 1700000 212500 8
0.208396s 1710000 213750 8
0.203430s 1720000 215000 8
0.197250s 1730000 216250 8
0.202918s 1740000 217500 8
0.215190s 1750000 218750 8
0.218925s 1760000 220000 8
0.227198s 1770000 221250 8
0.207114s 1780000 222500 8
0.213048s 1790000 223750 8
0.231630s 1800000 225000 8
0.234502s 1810000 226250 8
0.225626s 1820000 227500 8
0.247835s 1830000 228750 8
0.217999s 1840000 230000 8
0.232891s 1850000 231250 8
0.208697s 1860000 232500 8
0.211044s 1870000 233750 8
0.217856s 1880000 235000 8
0.230140s 1890000 236250 8
0.217917s 1900000 237500 8
0.208055s 1910000 238750 8
0.246449s 1920000 240000 8
0.233092s 1930000 241250 8
0.246179s 1940000 242500 8
0.207961s 1950000 243750 8
0.264922s 1960000 245000 8
0.238601s 1970000 246250 8
0.208722s 1980000 247500 8
0.244948s 1990000 248750 8
0.239379s 2000000 250000 8
0.236139s 2010000 251250 8
0.219669s 2020000 252500 8
0.207813s 2030000 253750 8
0.209738s 2040000 255000 8
0.219649s 2050000 256250 8
0.214854s 2060000 257500 8
0.218407s 2070000 258750 8
0.211143s 2080000 260000 8
0.218368s 2090000 261250 8
0.230711s 2100000 262500 8
0.217847s 2110000 263750 8
0.222952s 2120000 265000 8
0.221726s 2130000 266250 8
0.223792s 2140000 267500 8
0.226988s 2150000 268750 8
0.222922s 2160000 270000 8
0.229787s 2170000 271250 8
0.223563s 2180000 272500 8
0.230232s 2190000 273750 8
0.222281s 2200000 275000 8
0.221264s 2210000 276250 8
0.225733s 2220000 277500 8
0.225340s 2230000 278750 8
0.223719s 2240000 280000 8
0.224261s 2250000 281250 8
0.226966s 2260000 282500 8
0.222804s 2270000 283750 8
0.227030s 2280000 285000 8
0.223337s 2290000 286250 8
0.222873s 2300000 287500 8
0.222518s 2310000 288750 8
0.224398s 2320000 290000 8
0.218420s 2330000 291250 8
0.231610s 2340000 292500 8
0.255246s 2350000 293750 8
0.229060s 2360000 295000 8
0.227132s 2370000 296250 8
0.234725s 2380000 297500 8
0.226774s 2390000 298750 8
0.231837s 2400000 300000 8
0.229142s 2410000 301250 8
0.236111s 2420000 302500 8
0.237792s 2430000 303750 8
0.230351s 2440000 305000 8
0.233694s 2450000 306250 8
0.230748s 2460000 307500 8
0.252877s 2470000 308750 8
0.237450s 2480000 310000 8
0.243579s 2490000 311250 8
0.234116s 2500000 312500 8
0.233437s 2510000 313750 8
0.232652s 2520000 315000 8
0.234108s 2530000 316250 8
0.235423s 2540000 317500 8
0.233157s 2550000 318750 8
0.229679s 2560000 320000 8
0.234833s 2570000 321250 8
0.250491s 2580000 322500 8
0.252173s 2590000 323750 8
0.238867s 2600000 325000 8
0.238865s 2610000 326250 8
0.236141s 2620000 327500 8
0.242529s 2630000 328750 8
0.240037s 2640000 330000 8
0.240103s 2650000 331250 8
0.238644s 2660000 332500 8
0.241829s 2670000 333750 8
0.251773s 2680000 335000 8
0.250681s 2690000 336250 8
0.246138s 2700000 337500 8
0.250948s 2710000 338750 8
0.256457s 2720000 340000 8
0.252079s 2730000 341250 8
0.247790s 2740000 342500 8
0.250188s 2750000 343750 8
0.243331s 2760000 345000 8
0.244507s 2770000 346250 8
0.243487s 2780000 347500 8
0.269403s 2790000 348750 8
0.259184s 2800000 350000 8
0.255512s 2810000 351250 8
0.246718s 2820000 352500 8
0.374266s 2830000 353750 8
0.246143s 2840000 355000 8
0.249519s 2850000 356250 8
0.251128s 2860000 357500 8
0.252949s 2870000 358750 8
0.274919s 2880000 360000 8
0.274140s 2890000 361250 8
0.252016s 2900000 362500 8
0.259051s 2910000 363750 8
0.254886s 2920000 365000 8
0.256190s 2930000 366250 8
0.256925s 2940000 367500 8
0.255730s 2950000 368750 8
0.246521s 2960000 370000 8
0.253496s 2970000 371250 8
0.256905s 2980000 372500 8
0.288490s 2990000 373750 8
0.263971s 3000000 375000 8
0.038490s 10000 625 16
0.045270s 20000 1250 16
0.045588s 30000 1875 16
0.070764s 40000 2500 16
0.079325s 50000 3125 16
0.080851s 60000 3750 16
0.080976s 70000 4375 16
0.127196s 80000 5000 16
0.069287s 90000 5625 16
0.124565s 100000 6250 16
0.078940s 110000 6875 16
0.045540s 120000 7500 16
0.142995s 130000 8125 16
0.040555s 140000 8750 16
0.152623s 150000 9375 16
0.126792s 160000 10000 16
0.043100s 170000 10625 16
0.196515s 180000 11250 16
0.149643s 190000 11875 16
0.157646s 200000 12500 16
0.196519s 210000 13125 16
0.155935s 220000 13750 16
0.125104s 230000 14375 16
0.206376s 240000 15000 16
0.127084s 250000 15625 16
0.125159s 260000 16250 16
0.102362s 270000 16875 16
0.076678s 280000 17500 16
0.077317s 290000 18125 16
0.157090s 300000 18750 16
0.169382s 310000 19375 16
0.123452s 320000 20000 16
0.201554s 330000 20625 16
0.208693s 340000 21250 16
0.156684s 350000 21875 16
0.208277s 360000 22500 16
0.117679s 370000 23125 16
0.204075s 380000 23750 16
0.205241s 390000 24375 16
0.205430s 400000 25000 16
0.178906s 410000 25625 16
0.157346s 420000 26250 16
0.206277s 430000 26875 16
0.205169s 440000 27500 16
0.204958s 450000 28125 16
0.177355s 460000 28750 16
0.203678s 470000 29375 16
0.156810s 480000 30000 16
0.202547s 490000 30625 16
0.207497s 500000 31250 16
0.205236s 510000 31875 16
0.137185s 520000 32500 16
0.209044s 530000 33125 16
0.201427s 540000 33750 16
0.146823s 550000 34375 16
0.171471s 560000 35000 16
0.206299s 570000 35625 16
0.203106s 580000 36250 16
0.129775s 590000 36875 16
0.206881s 600000 37500 16
0.205249s 610000 38125 16
0.141435s 620000 38750 16
0.207705s 630000 39375 16
0.195186s 640000 40000 16
0.204495s 650000 40625 16
0.151026s 660000 41250 16
0.211876s 670000 41875 16
0.208879s 680000 42500 16
0.142104s 690000 43125 16
0.186931s 700000 43750 16
0.185763s 710000 44375 16
0.210511s 720000 45000 16
0.205208s 730000 45625 16
0.204655s 740000 46250 16
0.208015s 750000 46875 16
0.206252s 760000 47500 16
0.202976s 770000 48125 16
0.213652s 780000 48750 16
0.205765s 790000 49375 16
0.205431s 800000 50000 16
0.205758s 810000 50625 16
0.205558s 820000 51250 16
0.169488s 830000 51875 16
0.151833s 840000 52500 16
0.207262s 850000 53125 16
0.205302s 860000 53750 16
0.210865s 870000 54375 16
0.209871s 880000 55000 16
0.210232s 890000 55625 16
0.212962s 900000 56250 16
0.212857s 910000 56875 16
0.212893s 920000 57500 16
0.215888s 930000 58125 16
0.210166s 940000 58750 16
0.210906s 950000 59375 16
0.213257s 960000 60000 16
0.213072s 970000 60625 16
0.209232s 980000 61250 16
0.213135s 990000 61875 16
0.215005s 1000000 62500 16
0.212672s 1010000 63125 16
0.215002s 1020000 63750 16
0.218838s 1030000 64375 16
0.216280s 1040000 65000 16
0.205877s 1050000 65625 16
0.217393s 1060000 66250 16
0.189522s 1070000 66875 16
0.216685s 1080000 67500 16
0.218838s 1090000 68125 16
0.212444s 1100000 68750 16
0.205039s 1110000 69375 16
0.213874s 1120000 70000 16
0.218594s 1130000 70625 16
0.217321s 1140000 71250 16
0.204808s 1150000 71875 16
0.217823s 1160000 72500 16
0.210214s 1170000 73125 16
0.229699s 1180000 73750 16
0.220400s 1190000 74375 16
0.223034s 1200000 75000 16
0.222345s 1210000 75625 16
0.217387s 1220000 76250 16
0.217371s 1230000 76875 16
0.221553s 1240000 77500 16
0.194061s 1250000 78125 16
0.206677s 1260000 78750 16
0.219743s 1270000 79375 16
0.205287s 1280000 80000 16
0.209989s 1290000 80625 16
0.215237s 1300000 81250 16
0.212299s 1310000 81875 16
0.217695s 1320000 82500 16
0.221069s 1330000 83125 16
0.218175s 1340000 83750 16
0.220946s 1350000 84375 16
0.224172s 1360000 85000 16
0.232606s 1370000 85625 16
0.224040s 1380000 86250 16
0.221930s 1390000 86875 16
0.213975s 1400000 87500 16
0.223778s 1410000 88125 16
0.219674s 1420000 88750 16
0.222331s 1430000 89375 16
0.217461s 1440000 90000 16
0.220957s 1450000 90625 16
0.219111s 1460000 91250 16
0.223200s 1470000 91875 16
0.223781s 1480000 92500 16
0.226329s 1490000 93125 16
0.220194s 1500000 93750 16
0.219299s 1510000 94375 16
0.222451s 1520000 95000 16
0.220356s 1530000 95625 16
0.233980s 1540000 96250 16
0.222372s 1550000 96875 16
0.228193s 1560000 97500 16
0.226638s 1570000 98125 16
0.223589s 1580000 98750 16
0.225718s 1590000 99375 16
0.224687s 1600000 100000 16
0.223477s 1610000 100625 16
0.225516s 1620000 101250 16
0.227814s 1630000 101875 16
0.222487s 1640000 102500 16
0.223424s 1650000 103125 16
0.224649s 1660000 103750 16
0.232518s 1670000 104375 16
0.226109s 1680000 105000 16
0.226053s 1690000 105625 16
0.236045s 1700000 106250 16
0.218598s 1710000 106875 16
0.221824s 1720000 107500 16
0.220755s 1730000 108125 16
0.236670s 1740000 108750 16
0.227633s 1750000 109375 16
0.220955s 1760000 110000 16
0.229593s 1770000 110625 16
0.229175s 1780000 111250 16
0.234238s 1790000 111875 16
0.227720s 1800000 112500 16
0.221559s 1810000 113125 16
0.219376s 1820000 113750 16
0.231714s 1830000 114375 16
0.228627s 1840000 115000 16
0.239105s 1850000 115625 16
0.232633s 1860000 116250 16
0.225273s 1870000 116875 16
0.230383s 1880000 117500 16
0.234837s 1890000 118125 16
0.223194s 1900000 118750 16
0.230932s 1910000 119375 16
0.226638s 1920000 120000 16
0.230683s 1930000 120625 16
0.239443s 1940000 121250 16
0.234880s 1950000 121875 16
0.243786s 1960000 122500 16
0.231874s 1970000 123125 16
0.237946s 1980000 123750 16
0.249211s 1990000 124375 16
0.239780s 2000000 125000 16
0.238259s 2010000 125625 16
0.238766s 2020000 126250 16
0.236106s 2030000 126875 16
0.240691s 2040000 127500 16
0.238537s 2050000 128125 16
0.231120s 2060000 128750 16
0.231799s 2070000 129375 16
0.235012s 2080000 130000 16
0.246469s 2090000 130625 16
0.240251s 2100000 131250 16
0.239510s 2110000 131875 16
0.255197s 2120000 132500 16
0.239443s 2130000 133125 16
0.247396s 2140000 133750 16
0.242834s 2150000 134375 16
0.252880s 2160000 135000 16
0.238961s 2170000 135625 16
0.239151s 2180000 136250 16
0.242978s 2190000 136875 16
0.243502s 2200000 137500 16
0.253284s 2210000 138125 16
0.232883s 2220000 138750 16
0.249591s 2230000 139375 16
0.241198s 2240000 140000 16
0.268900s 2250000 140625 16
0.241546s 2260000 141250 16
0.248491s 2270000 141875 16
0.244025s 2280000 142500 16
0.235254s 2290000 143125 16
0.242438s 2300000 143750 16
0.236689s 2310000 144375 16
0.246447s 2320000 145000 16
0.239213s 2330000 145625 16
0.257835s 2340000 146250 16
0.236884s 2350000 146875 16
0.245461s 2360000 147500 16
0.259709s 2370000 148125 16
0.244402s 2380000 148750 16
0.246505s 2390000 149375 16
0.239793s 2400000 150000 16
0.236733s 2410000 150625 16
0.244037s 2420000 151250 16
0.245437s 2430000 151875 16
0.241342s 2440000 152500 16
0.245002s 2450000 153125 16
0.237910s 2460000 153750 16
0.247142s 2470000 154375 16
0.261812s 2480000 155000 16
0.264076s 2490000 155625 16
0.264143s 2500000 156250 16
0.248513s 2510000 156875 16
0.245178s 2520000 157500 16
0.253082s 2530000 158125 16
0.252329s 2540000 158750 16
0.250854s 2550000 159375 16
0.258547s 2560000 160000 16
0.256614s 2570000 160625 16
0.251967s 2580000 161250 16
0.274483s 2590000 161875 16
0.265399s 2600000 162500 16
0.254999s 2610000 163125 16
0.263887s 2620000 163750 16
0.265874s 2630000 164375 16
0.247818s 2640000 165000 16
0.247481s 2650000 165625 16
0.252994s 2660000 166250 16
0.251635s 2670000 166875 16
0.255508s 2680000 167500 16
0.249700s 2690000 168125 16
0.298080s 2700000 168750 16
0.257253s 2710000 169375 16
0.256038s 2720000 170000 16
0.265127s 2730000 170625 16
0.248811s 2740000 171250 16
0.277740s 2750000 171875 16
0.257505s 2760000 172500 16
0.257195s 2770000 173125 16
0.253395s 2780000 173750 16
0.266409s 2790000 174375 16
0.269302s 2800000 175000 16
0.260340s 2810000 175625 16
0.285112s 2820000 176250 16
0.259383s 2830000 176875 16
0.255481s 2840000 177500 16
0.258353s 2850000 178125 16
0.254921s 2860000 178750 16
0.256519s 2870000 179375 16
0.286274s 2880000 180000 16
0.262812s 2890000 180625 16
0.282057s 2900000 181250 16
0.264208s 2910000 181875 16
0.270387s 2920000 182500 16
0.264584s 2930000 183125 16
0.254200s 2940000 183750 16
0.294660s 2950000 184375 16
0.260245s 2960000 185000 16
0.262257s 2970000 185625 16
0.263899s 2980000 186250 16
0.274977s 2990000 186875 16
0.314715s 3000000 187500 16
0.072410s 8 4 1
0.054356s 80 4 1
0.056368s 800 40 1
0.067398s 8 4 1
0.080002s 8 4 1
0.097619s 8 4 1
0.004551s 10000 10000 1
0.001783s 11000 11000 1
0.001945s 12000 12000 1
0.003023s 13000 13000 1
0.002299s 14000 14000 1
0.002434s 15000 15000 1
0.003416s 16000 16000 1
0.002769s 17000 17000 1
0.002936s 18000 18000 1
0.003559s 19000 19000 1
0.004333s 20000 20000 1
0.004996s 21000 21000 1
0.003629s 22000 22000 1
0.003876s 23000 23000 1
0.004639s 24000 24000 1
0.004164s 25000 25000 1
0.004304s 26000 26000 1
0.004724s 27000 27000 1
0.004701s 28000 28000 1
0.004913s 29000 29000 1
0.005200s 30000 30000 1
0.005223s 31000 31000 1
0.005574s 32000 32000 1
0.005789s 33000 33000 1
0.006387s 34000 34000 1
0.006555s 35000 35000 1
0.007073s 36000 36000 1
0.006712s 37000 37000 1
0.006586s 38000 38000 1
0.006385s 39000 39000 1
0.008226s 40000 40000 1
0.007139s 41000 41000 1
0.007249s 42000 42000 1
0.007389s 43000 43000 1
0.007961s 44000 44000 1
0.008068s 45000 45000 1
0.007915s 46000 46000 1
0.008234s 47000 47000 1
0.008373s 48000 48000 1
0.009242s 49000 49000 1
0.008634s 50000 50000 1
0.008965s 51000 51000 1
0.010117s 52000 52000 1
0.009228s 53000 53000 1
0.011134s 54000 54000 1
0.014866s 55000 55000 1
0.010672s 56000 56000 1
0.010305s 57000 57000 1
0.010386s 58000 58000 1
0.013235s 59000 59000 1
0.011127s 60000 60000 1
0.010068s 61000 61000 1
0.013881s 62000 62000 1
0.012598s 63000 63000 1
0.010668s 64000 64000 1
0.010610s 65000 65000 1
0.013565s 66000 66000 1
0.020055s 67000 67000 1
0.011376s 68000 68000 1
0.014409s 69000 69000 1
0.012056s 70000 70000 1
0.011590s 71000 71000 1
0.014514s 72000 72000 1
0.013133s 73000 73000 1
0.013435s 74000 74000 1
0.014213s 75000 75000 1
0.012605s 76000 76000 1
0.016014s 77000 77000 1
0.013147s 78000 78000 1
0.019651s 79000 79000 1
0.013816s 80000 80000 1
0.019979s 81000 81000 1
0.013497s 82000 82000 1
0.014833s 83000 83000 1
0.015541s 84000 84000 1
0.014383s 85000 85000 1
0.014418s 86000 86000 1
0.025293s 87000 87000 1
0.015327s 88000 88000 1
0.017668s 89000 89000 1
0.015615s 90000 90000 1
0.015300s 91000 91000 1
0.015287s 92000 92000 1
0.016285s 93000 93000 1
0.023012s 94000 94000 1
0.021886s 95000 95000 1
0.035023s 96000 96000 1
0.028767s 97000 97000 1
0.282581s 98000 98000 1
0.023014s 99000 99000 1
0.024011s 100000 100000 1
0.023168s 101000 101000 1
0.023976s 102000 102000 1
0.025456s 103000 103000 1
0.025192s 104000 104000 1
0.026143s 105000 105000 1
0.026899s 106000 106000 1
0.065656s 107000 107000 1
0.026378s 108000 108000 1
0.024392s 109000 109000 1
0.029117s 110000 110000 1
0.023584s 111000 111000 1
0.027503s 112000 112000 1
0.034030s 113000 113000 1
0.032354s 114000 114000 1
0.084438s 115000 115000 1
0.032258s 116000 116000 1
0.031680s 117000 117000 1
0.030504s 118000 118000 1
0.038366s 119000 119000 1
0.045049s 120000 120000 1
0.024372s 121000 121000 1
0.021461s 122000 122000 1
0.003627s 10 10 1
0.000092s 20 20 1
0.000077s 30 30 1
0.002344s 10 10 2
0.000191s 20 20 2
0.000198s 30 30 2
0.000400s 10 10 4
0.001083s 20 20 4
0.002294s 30 30 4
0.041394s 10 10 8
0.024320s 20 20 8
0.021313s 30 30 8
0.071073s 10 10 16
0.078386s 20 20 16
0.175675s 30 30 16
0.003409s 10 10 1
0.000068s 20 20 1
0.000079s 30 30 1
0.000230s 10 10 2
0.000187s 20 20 2
0.000198s 30 30 2
0.000329s 10 10 4
0.000312s 20 20 4
0.000877s 30 30 4
0.019621s 10 10 8
0.033969s 20 20 8
0.024075s 30 30 8
0.079771s 10 10 16
0.040879s 20 20 16
0.041077s 30 30 16
0.000074s 10 10 1
0.000074s 20 20 1
0.000076s 30 30 1
0.000278s 10 10 2
0.000217s 20 20 2
0.000258s 30 30 2
0.001268s 10 10 4
0.000308s 20 20 4
0.005257s 30 30 4
0.020487s 10 10 8
0.051200s 20 20 8
0.020630s 30 30 8
0.042541s 10 10 16
0.041484s 20 20 16
0.033397s 30 30 16
0.000091s 10 10 1
0.000825s 20 20 1
0.000070s 30 30 1
0.000290s 10 10 2
0.000364s 20 20 2
0.000230s 30 30 2
0.000741s 10 10 4
0.000338s 20 20 4
0.000292s 30 30 4
0.018375s 10 10 8
0.020821s 20 20 8
0.022091s 30 30 8
0.060179s 10 10 16
0.041154s 20 20 16
0.067284s 30 30 16
0.002892s 10 10 1
0.000072s 20 20 1
0.000093s 30 30 1
0.000214s 10 10 2
0.000191s 20 20 2
0.000247s 30 30 2
0.001973s 10 10 4
0.000318s 20 20 4
0.000382s 30 30 4
0.041026s 10 10 8
0.041367s 20 20 8
0.019089s 30 30 8
0.040734s 10 10 16
0.056505s 20 20 16
0.039748s 30 30 16
