0.009567s 10000 1 1
0.001618s 10000 1001 1
0.001872s 10000 2001 1
0.002172s 10000 3001 1
0.001701s 10000 4001 1
0.001478s 10000 5001 1
0.001880s 10000 6001 1
0.001498s 10000 7001 1
0.001606s 10000 8001 1
0.001487s 10000 9001 1
0.056671s 110000 1 1
0.024573s 110000 11001 1
0.019333s 110000 22001 1
0.020893s 110000 33001 1
0.026348s 110000 44001 1
0.019071s 110000 55001 1
0.024908s 110000 66001 1
0.019120s 110000 77001 1
0.022740s 110000 88001 1
0.018963s 110000 99001 1
0.129783s 210000 1 1
0.038284s 210000 21001 1
0.038877s 210000 42001 1
0.048327s 210000 63001 1
0.042620s 210000 84001 1
0.038924s 210000 105001 1
0.043526s 210000 126001 1
0.043138s 210000 147001 1
0.040921s 210000 168001 1
0.039719s 210000 189001 1
0.182534s 310000 1 1
0.060021s 310000 31001 1
0.060459s 310000 62001 1
0.064354s 310000 93001 1
0.065977s 310000 124001 1
0.068905s 310000 155001 1
0.063672s 310000 186001 1
0.060967s 310000 217001 1
0.057797s 310000 248001 1
0.066265s 310000 279001 1
0.199168s 410000 1 1
0.078932s 410000 41001 1
0.085526s 410000 82001 1
0.089985s 410000 123001 1
0.095167s 410000 164001 1
0.084846s 410000 205001 1
0.087809s 410000 246001 1
0.085616s 410000 287001 1
0.079075s 410000 328001 1
0.089896s 410000 369001 1
0.300436s 510000 1 1
0.096611s 510000 51001 1
0.106861s 510000 102001 1
0.111050s 510000 153001 1
0.108814s 510000 204001 1
0.105846s 510000 255001 1
0.102646s 510000 306001 1
0.106529s 510000 357001 1
0.098092s 510000 408001 1
0.107767s 510000 459001 1
0.309058s 610000 1 1
0.124334s 610000 61001 1
0.117723s 610000 122001 1
0.140317s 610000 183001 1
0.134596s 610000 244001 1
0.124048s 610000 305001 1
0.122581s 610000 366001 1
0.121479s 610000 427001 1
0.120882s 610000 488001 1
0.134217s 610000 549001 1
0.368615s 710000 1 1
0.149543s 710000 71001 1
0.152712s 710000 142001 1
0.155358s 710000 213001 1
0.160362s 710000 284001 1
0.149757s 710000 355001 1
0.140890s 710000 426001 1
0.139986s 710000 497001 1
0.139948s 710000 568001 1
0.159023s 710000 639001 1
0.412735s 810000 1 1
0.163264s 810000 81001 1
0.165232s 810000 162001 1
0.172102s 810000 243001 1
0.169025s 810000 324001 1
0.174765s 810000 405001 1
0.167410s 810000 486001 1
0.174088s 810000 567001 1
0.189321s 810000 648001 1
0.175221s 810000 729001 1
0.465926s 910000 1 1
0.186004s 910000 91001 1
0.186050s 910000 182001 1
0.185831s 910000 273001 1
0.182644s 910000 364001 1
0.199671s 910000 455001 1
0.193317s 910000 546001 1
0.192609s 910000 637001 1
0.181548s 910000 728001 1
0.189281s 910000 819001 1
0.508475s 1010000 1 1
0.199865s 1010000 101001 1
0.215246s 1010000 202001 1
0.217054s 1010000 303001 1
0.209399s 1010000 404001 1
0.204389s 1010000 505001 1
0.229267s 1010000 606001 1
0.211866s 1010000 707001 1
0.208120s 1010000 808001 1
0.212836s 1010000 909001 1
0.582067s 1110000 1 1
0.231183s 1110000 111001 1
0.237626s 1110000 222001 1
0.237129s 1110000 333001 1
0.231872s 1110000 444001 1
0.235698s 1110000 555001 1
0.232553s 1110000 666001 1
0.231277s 1110000 777001 1
0.244195s 1110000 888001 1
0.245668s 1110000 999001 1
0.634815s 1210000 1 1
0.254619s 1210000 121001 1
0.259574s 1210000 242001 1
0.252315s 1210000 363001 1
0.257445s 1210000 484001 1
0.252329s 1210000 605001 1
0.256648s 1210000 726001 1
0.258985s 1210000 847001 1
0.250153s 1210000 968001 1
0.249868s 1210000 1089001 1
0.673228s 1310000 1 1
0.276470s 1310000 131001 1
0.272574s 1310000 262001 1
0.282512s 1310000 393001 1
0.269709s 1310000 524001 1
0.275609s 1310000 655001 1
0.284943s 1310000 786001 1
0.272336s 1310000 917001 1
0.272062s 1310000 1048001 1
0.283441s 1310000 1179001 1
0.728727s 1410000 1 1
0.287892s 1410000 141001 1
0.291636s 1410000 282001 1
0.288570s 1410000 423001 1
0.290667s 1410000 564001 1
0.293297s 1410000 705001 1
0.291766s 1410000 846001 1
0.313824s 1410000 987001 1
0.317844s 1410000 1128001 1
0.307676s 1410000 1269001 1
0.803528s 1510000 1 1
0.310773s 1510000 151001 1
0.336900s 1510000 302001 1
0.310364s 1510000 453001 1
0.321276s 1510000 604001 1
0.315161s 1510000 755001 1
0.312783s 1510000 906001 1
0.336939s 1510000 1057001 1
0.315553s 1510000 1208001 1
0.359852s 1510000 1359001 1
0.832867s 1610000 1 1
0.344183s 1610000 161001 1
0.345751s 1610000 322001 1
0.343878s 1610000 483001 1
0.333257s 1610000 644001 1
0.353603s 1610000 805001 1
0.345260s 1610000 966001 1
0.358852s 1610000 1127001 1
0.342959s 1610000 1288001 1
0.353155s 1610000 1449001 1
0.909370s 1710000 1 1
0.370128s 1710000 171001 1
0.363090s 1710000 342001 1
0.358390s 1710000 513001 1
0.360778s 1710000 684001 1
0.358961s 1710000 855001 1
0.365923s 1710000 1026001 1
0.365454s 1710000 1197001 1
0.369693s 1710000 1368001 1
0.376329s 1710000 1539001 1
0.951372s 1810000 1 1
0.386172s 1810000 181001 1
0.392007s 1810000 362001 1
0.375190s 1810000 543001 1
0.397477s 1810000 724001 1
0.383624s 1810000 905001 1
0.381282s 1810000 1086001 1
0.381799s 1810000 1267001 1
0.381371s 1810000 1448001 1
0.428963s 1810000 1629001 1
1.011006s 1910000 1 1
0.399587s 1910000 191001 1
0.427884s 1910000 382001 1
0.421623s 1910000 573001 1
0.399650s 1910000 764001 1
0.413605s 1910000 955001 1
0.423053s 1910000 1146001 1
0.411284s 1910000 1337001 1
0.417819s 1910000 1528001 1
0.430630s 1910000 1719001 1
1.027280s 2010000 1 1
0.433902s 2010000 201001 1
0.429835s 2010000 402001 1
0.437903s 2010000 603001 1
0.446872s 2010000 804001 1
0.450839s 2010000 1005001 1
0.444990s 2010000 1206001 1
0.437357s 2010000 1407001 1
0.425012s 2010000 1608001 1
0.439563s 2010000 1809001 1
1.101989s 2110000 1 1
0.454630s 2110000 211001 1
0.449746s 2110000 422001 1
0.445843s 2110000 633001 1
0.465562s 2110000 844001 1
0.463479s 2110000 1055001 1
0.453195s 2110000 1266001 1
0.449193s 2110000 1477001 1
0.450668s 2110000 1688001 1
0.466456s 2110000 1899001 1
1.136359s 2210000 1 1
0.500205s 2210000 221001 1
0.479541s 2210000 442001 1
0.477681s 2210000 663001 1
0.475457s 2210000 884001 1
0.497938s 2210000 1105001 1
0.475184s 2210000 1326001 1
0.469626s 2210000 1547001 1
0.478543s 2210000 1768001 1
0.500794s 2210000 1989001 1
1.194587s 2310000 1 1
0.502519s 2310000 231001 1
0.500156s 2310000 462001 1
0.488054s 2310000 693001 1
0.501018s 2310000 924001 1
0.510250s 2310000 1155001 1
0.517035s 2310000 1386001 1
0.495298s 2310000 1617001 1
0.516777s 2310000 1848001 1
0.494573s 2310000 2079001 1
1.233055s 2410000 1 1
0.518307s 2410000 241001 1
0.512731s 2410000 482001 1
0.522798s 2410000 723001 1
0.523897s 2410000 964001 1
0.539869s 2410000 1205001 1
0.515439s 2410000 1446001 1
0.514497s 2410000 1687001 1
0.520867s 2410000 1928001 1
0.528342s 2410000 2169001 1
1.354321s 2510000 1 1
0.541717s 2510000 251001 1
0.546581s 2510000 502001 1
0.532259s 2510000 753001 1
0.559408s 2510000 1004001 1
0.547058s 2510000 1255001 1
0.549183s 2510000 1506001 1
0.566962s 2510000 1757001 1
0.542707s 2510000 2008001 1
0.550426s 2510000 2259001 1
1.337111s 2610000 1 1
0.552706s 2610000 261001 1
0.566620s 2610000 522001 1
0.595706s 2610000 783001 1
0.574402s 2610000 1044001 1
0.564159s 2610000 1305001 1
0.574549s 2610000 1566001 1
0.565943s 2610000 1827001 1
0.576955s 2610000 2088001 1
0.570536s 2610000 2349001 1
1.448327s 2710000 1 1
0.574548s 2710000 271001 1
0.591458s 2710000 542001 1
0.579029s 2710000 813001 1
0.582930s 2710000 1084001 1
0.602490s 2710000 1355001 1
0.607748s 2710000 1626001 1
0.597224s 2710000 1897001 1
0.596223s 2710000 2168001 1
0.598053s 2710000 2439001 1
1.451840s 2810000 1 1
0.640829s 2810000 281001 1
0.608051s 2810000 562001 1
0.617096s 2810000 843001 1
0.626051s 2810000 1124001 1
0.624449s 2810000 1405001 1
0.622667s 2810000 1686001 1
0.620080s 2810000 1967001 1
0.620417s 2810000 2248001 1
0.628525s 2810000 2529001 1
1.489312s 2910000 1 1
0.625641s 2910000 291001 1
0.639251s 2910000 582001 1
0.670881s 2910000 873001 1
0.654294s 2910000 1164001 1
0.653037s 2910000 1455001 1
0.636154s 2910000 1746001 1
0.647650s 2910000 2037001 1
0.651073s 2910000 2328001 1
0.700793s 2910000 2619001 1
0.008311s 10000 1 2
0.000970s 10000 1001 2
0.001091s 10000 2001 2
0.001135s 10000 3001 2
0.001410s 10000 4001 2
0.001731s 10000 5001 2
0.000957s 10000 6001 2
0.001152s 10000 7001 2
0.000973s 10000 8001 2
0.000960s 10000 9001 2
0.099383s 110000 1 2
0.010313s 110000 11001 2
0.012205s 110000 22001 2
0.012544s 110000 33001 2
0.014078s 110000 44001 2
0.010436s 110000 55001 2
0.010454s 110000 66001 2
0.012061s 110000 77001 2
0.010405s 110000 88001 2
0.011171s 110000 99001 2
0.194751s 210000 1 2
0.023028s 210000 21001 2
0.024752s 210000 42001 2
0.024810s 210000 63001 2
0.028848s 210000 84001 2
0.021563s 210000 105001 2
0.020972s 210000 126001 2
0.020889s 210000 147001 2
0.020921s 210000 168001 2
0.022403s 210000 189001 2
0.287772s 310000 1 2
0.031165s 310000 31001 2
0.037029s 310000 62001 2
0.039016s 310000 93001 2
0.036921s 310000 124001 2
0.031568s 310000 155001 2
0.032293s 310000 186001 2
0.032303s 310000 217001 2
0.032111s 310000 248001 2
0.032075s 310000 279001 2
0.398913s 410000 1 2
0.041714s 410000 41001 2
0.049320s 410000 82001 2
0.052452s 410000 123001 2
0.049455s 410000 164001 2
0.042501s 410000 205001 2
0.044677s 410000 246001 2
0.042509s 410000 287001 2
0.042637s 410000 328001 2
0.042622s 410000 369001 2
0.496735s 510000 1 2
0.052352s 510000 51001 2
0.062551s 510000 102001 2
0.068203s 510000 153001 2
0.062198s 510000 204001 2
0.053306s 510000 255001 2
0.055397s 510000 306001 2
0.053548s 510000 357001 2
0.053505s 510000 408001 2
0.053364s 510000 459001 2
0.594960s 610000 1 2
0.068003s 610000 61001 2
0.077771s 610000 122001 2
0.082431s 610000 183001 2
0.078912s 610000 244001 2
0.066872s 610000 305001 2
0.065494s 610000 366001 2
0.069206s 610000 427001 2
0.067381s 610000 488001 2
0.064743s 610000 549001 2
0.689690s 710000 1 2
0.075835s 710000 71001 2
0.089608s 710000 142001 2
0.090637s 710000 213001 2
0.090213s 710000 284001 2
0.076373s 710000 355001 2
0.076020s 710000 426001 2
0.076233s 710000 497001 2
0.076076s 710000 568001 2
0.076006s 710000 639001 2
0.775077s 810000 1 2
0.085780s 810000 81001 2
0.104585s 810000 162001 2
0.104106s 810000 243001 2
0.101990s 810000 324001 2
0.087911s 810000 405001 2
0.097215s 810000 486001 2
0.103860s 810000 567001 2
0.092496s 810000 648001 2
0.087678s 810000 729001 2
0.866721s 910000 1 2
0.097653s 910000 91001 2
0.115968s 910000 182001 2
0.117850s 910000 273001 2
0.117373s 910000 364001 2
0.098480s 910000 455001 2
0.098414s 910000 546001 2
0.099398s 910000 637001 2
0.103293s 910000 728001 2
0.099320s 910000 819001 2
0.961492s 1010000 1 2
0.108650s 1010000 101001 2
0.129099s 1010000 202001 2
0.135610s 1010000 303001 2
0.129675s 1010000 404001 2
0.116462s 1010000 505001 2
0.118873s 1010000 606001 2
0.119725s 1010000 707001 2
0.115969s 1010000 808001 2
0.114160s 1010000 909001 2
1.028957s 1110000 1 2
0.121404s 1110000 111001 2
0.143184s 1110000 222001 2
0.145998s 1110000 333001 2
0.147716s 1110000 444001 2
0.123405s 1110000 555001 2
0.126182s 1110000 666001 2
0.122948s 1110000 777001 2
0.123222s 1110000 888001 2
0.127114s 1110000 999001 2
1.138527s 1210000 1 2
0.139203s 1210000 121001 2
0.173325s 1210000 242001 2
0.167518s 1210000 363001 2
0.159879s 1210000 484001 2
0.138318s 1210000 605001 2
0.135307s 1210000 726001 2
0.139238s 1210000 847001 2
0.142512s 1210000 968001 2
0.135455s 1210000 1089001 2
1.228542s 1310000 1 2
0.144590s 1310000 131001 2
0.171798s 1310000 262001 2
0.174360s 1310000 393001 2
0.171996s 1310000 524001 2
0.149654s 1310000 655001 2
0.147095s 1310000 786001 2
0.153801s 1310000 917001 2
0.150638s 1310000 1048001 2
0.148933s 1310000 1179001 2
1.311288s 1410000 1 2
0.155177s 1410000 141001 2
0.190088s 1410000 282001 2
0.191817s 1410000 423001 2
0.189469s 1410000 564001 2
0.160974s 1410000 705001 2
0.162127s 1410000 846001 2
0.164164s 1410000 987001 2
0.163267s 1410000 1128001 2
0.162049s 1410000 1269001 2
1.413179s 1510000 1 2
0.174890s 1510000 151001 2
0.203414s 1510000 302001 2
0.208003s 1510000 453001 2
0.204226s 1510000 604001 2
0.170550s 1510000 755001 2
0.170897s 1510000 906001 2
0.170404s 1510000 1057001 2
0.171838s 1510000 1208001 2
0.171300s 1510000 1359001 2
1.587381s 1610000 1 2
0.191796s 1610000 161001 2
0.216994s 1610000 322001 2
0.225033s 1610000 483001 2
0.213302s 1610000 644001 2
0.182234s 1610000 805001 2
0.182535s 1610000 966001 2
0.186743s 1610000 1127001 2
0.188082s 1610000 1288001 2
0.199034s 1610000 1449001 2
1.626172s 1710000 1 2
0.200198s 1710000 171001 2
0.249393s 1710000 342001 2
0.241021s 1710000 513001 2
0.242151s 1710000 684001 2
0.199404s 1710000 855001 2
0.203493s 1710000 1026001 2
0.199543s 1710000 1197001 2
0.208313s 1710000 1368001 2
0.206034s 1710000 1539001 2
1.690448s 1810000 1 2
0.212540s 1810000 181001 2
0.258564s 1810000 362001 2
0.253233s 1810000 543001 2
0.257410s 1810000 724001 2
0.210269s 1810000 905001 2
0.210494s 1810000 1086001 2
0.220720s 1810000 1267001 2
0.224616s 1810000 1448001 2
0.224633s 1810000 1629001 2
1.761952s 1910000 1 2
0.236339s 1910000 191001 2
0.260491s 1910000 382001 2
0.272577s 1910000 573001 2
0.256808s 1910000 764001 2
0.223207s 1910000 955001 2
0.219860s 1910000 1146001 2
0.221013s 1910000 1337001 2
0.220902s 1910000 1528001 2
0.219430s 1910000 1719001 2
1.879111s 2010000 1 2
0.234637s 2010000 201001 2
0.280606s 2010000 402001 2
0.278665s 2010000 603001 2
0.273584s 2010000 804001 2
0.236389s 2010000 1005001 2
0.230771s 2010000 1206001 2
0.235717s 2010000 1407001 2
0.230574s 2010000 1608001 2
0.232133s 2010000 1809001 2
1.986793s 2110000 1 2
0.258518s 2110000 211001 2
0.288152s 2110000 422001 2
0.287648s 2110000 633001 2
0.286243s 2110000 844001 2
0.243433s 2110000 1055001 2
0.248453s 2110000 1266001 2
0.245637s 2110000 1477001 2
0.248312s 2110000 1688001 2
0.255212s 2110000 1899001 2
2.021599s 2210000 1 2
0.255416s 2210000 221001 2
0.301186s 2210000 442001 2
0.301813s 2210000 663001 2
0.302489s 2210000 884001 2
0.262395s 2210000 1105001 2
0.256044s 2210000 1326001 2
0.270640s 2210000 1547001 2
0.266055s 2210000 1768001 2
0.263963s 2210000 1989001 2
2.133239s 2310000 1 2
0.266710s 2310000 231001 2
0.318601s 2310000 462001 2
0.322345s 2310000 693001 2
0.314553s 2310000 924001 2
0.288178s 2310000 1155001 2
0.278734s 2310000 1386001 2
0.269813s 2310000 1617001 2
0.268912s 2310000 1848001 2
0.272779s 2310000 2079001 2
2.229376s 2410000 1 2
0.275053s 2410000 241001 2
0.348977s 2410000 482001 2
0.342325s 2410000 723001 2
0.330723s 2410000 964001 2
0.284681s 2410000 1205001 2
0.281362s 2410000 1446001 2
0.283512s 2410000 1687001 2
0.285975s 2410000 1928001 2
0.281666s 2410000 2169001 2
2.345701s 2510000 1 2
0.289332s 2510000 251001 2
0.344750s 2510000 502001 2
0.351520s 2510000 753001 2
0.346241s 2510000 1004001 2
0.296381s 2510000 1255001 2
0.293327s 2510000 1506001 2
0.293059s 2510000 1757001 2
0.310908s 2510000 2008001 2
0.302105s 2510000 2259001 2
2.415684s 2610000 1 2
0.301219s 2610000 261001 2
0.360778s 2610000 522001 2
0.366968s 2610000 783001 2
0.385190s 2610000 1044001 2
0.316602s 2610000 1305001 2
0.313501s 2610000 1566001 2
0.308934s 2610000 1827001 2
0.309563s 2610000 2088001 2
0.309911s 2610000 2349001 2
2.509646s 2710000 1 2
0.320948s 2710000 271001 2
0.386013s 2710000 542001 2
0.378516s 2710000 813001 2
0.375350s 2710000 1084001 2
0.319123s 2710000 1355001 2
0.318096s 2710000 1626001 2
0.320647s 2710000 1897001 2
0.327852s 2710000 2168001 2
0.334873s 2710000 2439001 2
2.546824s 2810000 1 2
0.329297s 2810000 281001 2
0.386963s 2810000 562001 2
0.392999s 2810000 843001 2
0.405814s 2810000 1124001 2
0.339692s 2810000 1405001 2
0.347950s 2810000 1686001 2
0.330376s 2810000 1967001 2
0.335570s 2810000 2248001 2
0.332449s 2810000 2529001 2
2.680401s 2910000 1 2
0.346241s 2910000 291001 2
0.397974s 2910000 582001 2
0.407271s 2910000 873001 2
0.402215s 2910000 1164001 2
0.341622s 2910000 1455001 2
0.343829s 2910000 1746001 2
0.342582s 2910000 2037001 2
0.366064s 2910000 2328001 2
0.356527s 2910000 2619001 2
0.009252s 10000 1 4
0.000962s 10000 1001 4
0.001142s 10000 2001 4
0.010350s 10000 3001 4
0.002603s 10000 4001 4
0.000869s 10000 5001 4
0.000955s 10000 6001 4
0.000909s 10000 7001 4
0.000860s 10000 8001 4
0.000834s 10000 9001 4
0.099290s 110000 1 4
0.008909s 110000 11001 4
0.010829s 110000 22001 4
0.007612s 110000 33001 4
0.007635s 110000 44001 4
0.007685s 110000 55001 4
0.012110s 110000 66001 4
0.007557s 110000 77001 4
0.007743s 110000 88001 4
0.011265s 110000 99001 4
0.199909s 210000 1 4
0.016980s 210000 21001 4
0.022340s 210000 42001 4
0.015057s 210000 63001 4
0.017018s 210000 84001 4
0.014879s 210000 105001 4
0.018638s 210000 126001 4
0.014850s 210000 147001 4
0.014921s 210000 168001 4
0.015296s 210000 189001 4
0.312126s 310000 1 4
0.025774s 310000 31001 4
0.034547s 310000 62001 4
0.040432s 310000 93001 4
0.022863s 310000 124001 4
0.030049s 310000 155001 4
0.022541s 310000 186001 4
0.022591s 310000 217001 4
0.022742s 310000 248001 4
0.032119s 310000 279001 4
0.418591s 410000 1 4
0.034685s 410000 41001 4
0.043775s 410000 82001 4
0.039745s 410000 123001 4
0.030635s 410000 164001 4
0.033026s 410000 205001 4
0.033749s 410000 246001 4
0.039285s 410000 287001 4
0.039638s 410000 328001 4
0.030430s 410000 369001 4
0.519960s 510000 1 4
0.052782s 510000 51001 4
0.073977s 510000 102001 4
0.051394s 510000 153001 4
0.043743s 510000 204001 4
0.050415s 510000 255001 4
0.039001s 510000 306001 4
0.043499s 510000 357001 4
0.053554s 510000 408001 4
0.049193s 510000 459001 4
0.654175s 610000 1 4
0.054033s 610000 61001 4
0.066315s 610000 122001 4
0.045485s 610000 183001 4
0.054260s 610000 244001 4
0.047094s 610000 305001 4
0.046185s 610000 366001 4
0.045873s 610000 427001 4
0.046592s 610000 488001 4
0.048136s 610000 549001 4
0.725597s 710000 1 4
0.062394s 710000 71001 4
0.086096s 710000 142001 4
0.053375s 710000 213001 4
0.057308s 710000 284001 4
0.053734s 710000 355001 4
0.053782s 710000 426001 4
0.055641s 710000 497001 4
0.063842s 710000 568001 4
0.057256s 710000 639001 4
0.882598s 810000 1 4
0.077359s 810000 81001 4
0.091980s 810000 162001 4
0.061492s 810000 243001 4
0.063534s 810000 324001 4
0.072496s 810000 405001 4
0.061414s 810000 486001 4
0.070787s 810000 567001 4
0.061638s 810000 648001 4
0.061833s 810000 729001 4
0.930401s 910000 1 4
0.080417s 910000 91001 4
0.107482s 910000 182001 4
0.074798s 910000 273001 4
0.080651s 910000 364001 4
0.071444s 910000 455001 4
0.071893s 910000 546001 4
0.079350s 910000 637001 4
0.069692s 910000 728001 4
0.070667s 910000 819001 4
1.038911s 1010000 1 4
0.094063s 1010000 101001 4
0.121893s 1010000 202001 4
0.088710s 1010000 303001 4
0.087534s 1010000 404001 4
0.093289s 1010000 505001 4
0.078131s 1010000 606001 4
0.082980s 1010000 707001 4
0.081304s 1010000 808001 4
0.082836s 1010000 909001 4
1.123473s 1110000 1 4
0.102191s 1110000 111001 4
0.122992s 1110000 222001 4
0.087407s 1110000 333001 4
0.086676s 1110000 444001 4
0.096005s 1110000 555001 4
0.104523s 1110000 666001 4
0.096390s 1110000 777001 4
0.095046s 1110000 888001 4
0.102471s 1110000 999001 4
1.149449s 1210000 1 4
0.119309s 1210000 121001 4
0.144352s 1210000 242001 4
0.095681s 1210000 363001 4
0.098309s 1210000 484001 4
0.095577s 1210000 605001 4
0.095666s 1210000 726001 4
0.102415s 1210000 847001 4
0.107106s 1210000 968001 4
0.100192s 1210000 1089001 4
1.386339s 1310000 1 4
0.127101s 1310000 131001 4
0.162626s 1310000 262001 4
0.112695s 1310000 393001 4
0.104631s 1310000 524001 4
0.104849s 1310000 655001 4
0.107540s 1310000 786001 4
0.111824s 1310000 917001 4
0.106199s 1310000 1048001 4
0.103607s 1310000 1179001 4
1.375809s 1410000 1 4
0.136812s 1410000 141001 4
0.177700s 1410000 282001 4
0.123238s 1410000 423001 4
0.126532s 1410000 564001 4
0.118137s 1410000 705001 4
0.114974s 1410000 846001 4
0.117876s 1410000 987001 4
0.112702s 1410000 1128001 4
0.116266s 1410000 1269001 4
1.461025s 1510000 1 4
0.144056s 1510000 151001 4
0.180930s 1510000 302001 4
0.123688s 1510000 453001 4
0.119949s 1510000 604001 4
0.123823s 1510000 755001 4
0.130231s 1510000 906001 4
0.142975s 1510000 1057001 4
0.125939s 1510000 1208001 4
0.127070s 1510000 1359001 4
1.567034s 1610000 1 4
0.155477s 1610000 161001 4
0.190554s 1610000 322001 4
0.137542s 1610000 483001 4
0.130040s 1610000 644001 4
0.130287s 1610000 805001 4
0.141402s 1610000 966001 4
0.134102s 1610000 1127001 4
0.133900s 1610000 1288001 4
0.139819s 1610000 1449001 4
1.756276s 1710000 1 4
0.171392s 1710000 171001 4
0.205954s 1710000 342001 4
0.138815s 1710000 513001 4
0.145207s 1710000 684001 4
0.148402s 1710000 855001 4
0.140028s 1710000 1026001 4
0.139375s 1710000 1197001 4
0.198210s 1710000 1368001 4
0.142774s 1710000 1539001 4
1.819577s 1810000 1 4
0.175157s 1810000 181001 4
0.215439s 1810000 362001 4
0.150478s 1810000 543001 4
0.152737s 1810000 724001 4
0.147253s 1810000 905001 4
0.159751s 1810000 1086001 4
0.165328s 1810000 1267001 4
0.157269s 1810000 1448001 4
0.152022s 1810000 1629001 4
1.852603s 1910000 1 4
0.181421s 1910000 191001 4
0.229928s 1910000 382001 4
0.172057s 1910000 573001 4
0.157065s 1910000 764001 4
0.158114s 1910000 955001 4
0.181943s 1910000 1146001 4
0.156760s 1910000 1337001 4
0.165398s 1910000 1528001 4
0.171359s 1910000 1719001 4
2.037531s 2010000 1 4
0.194153s 2010000 201001 4
0.242162s 2010000 402001 4
0.172731s 2010000 603001 4
0.165827s 2010000 804001 4
0.169573s 2010000 1005001 4
0.167740s 2010000 1206001 4
0.171232s 2010000 1407001 4
0.185357s 2010000 1608001 4
0.180635s 2010000 1809001 4
2.078633s 2110000 1 4
0.199861s 2110000 211001 4
0.256348s 2110000 422001 4
0.172652s 2110000 633001 4
0.178407s 2110000 844001 4
0.175337s 2110000 1055001 4
0.181653s 2110000 1266001 4
0.191933s 2110000 1477001 4
0.186803s 2110000 1688001 4
0.188643s 2110000 1899001 4
2.072858s 2210000 1 4
0.212439s 2210000 221001 4
0.270153s 2210000 442001 4
0.187503s 2210000 663001 4
0.190280s 2210000 884001 4
0.202001s 2210000 1105001 4
0.191263s 2210000 1326001 4
0.196777s 2210000 1547001 4
0.188897s 2210000 1768001 4
0.195878s 2210000 1989001 4
2.193176s 2310000 1 4
0.229985s 2310000 231001 4
0.278724s 2310000 462001 4
0.216176s 2310000 693001 4
0.204016s 2310000 924001 4
0.202169s 2310000 1155001 4
0.189633s 2310000 1386001 4
0.193139s 2310000 1617001 4
0.193935s 2310000 1848001 4
0.192768s 2310000 2079001 4
2.337500s 2410000 1 4
0.239721s 2410000 241001 4
0.294273s 2410000 482001 4
0.214950s 2410000 723001 4
0.204311s 2410000 964001 4
0.200545s 2410000 1205001 4
0.208271s 2410000 1446001 4
0.200553s 2410000 1687001 4
0.204467s 2410000 1928001 4
0.212995s 2410000 2169001 4
2.365407s 2510000 1 4
0.240275s 2510000 251001 4
0.306661s 2510000 502001 4
0.220274s 2510000 753001 4
0.221097s 2510000 1004001 4
0.211831s 2510000 1255001 4
0.216708s 2510000 1506001 4
0.237721s 2510000 1757001 4
0.213068s 2510000 2008001 4
0.220043s 2510000 2259001 4
2.548119s 2610000 1 4
0.260491s 2610000 261001 4
0.317945s 2610000 522001 4
0.243583s 2610000 783001 4
0.234284s 2610000 1044001 4
0.223592s 2610000 1305001 4
0.226189s 2610000 1566001 4
0.224756s 2610000 1827001 4
0.220226s 2610000 2088001 4
0.217545s 2610000 2349001 4
2.661101s 2710000 1 4
0.263622s 2710000 271001 4
0.326613s 2710000 542001 4
0.226444s 2710000 813001 4
0.233447s 2710000 1084001 4
0.232005s 2710000 1355001 4
0.228058s 2710000 1626001 4
0.248499s 2710000 1897001 4
0.242933s 2710000 2168001 4
0.235368s 2710000 2439001 4
2.703791s 2810000 1 4
0.280933s 2810000 281001 4
0.341774s 2810000 562001 4
0.259850s 2810000 843001 4
0.243058s 2810000 1124001 4
0.238144s 2810000 1405001 4
0.236070s 2810000 1686001 4
0.245476s 2810000 1967001 4
0.233855s 2810000 2248001 4
0.233967s 2810000 2529001 4
2.765285s 2910000 1 4
0.282598s 2910000 291001 4
0.356675s 2910000 582001 4
0.240654s 2910000 873001 4
0.242199s 2910000 1164001 4
0.242282s 2910000 1455001 4
0.242423s 2910000 1746001 4
0.267722s 2910000 2037001 4
0.252579s 2910000 2328001 4
0.252411s 2910000 2619001 4
0.041307s 10000 1 8
0.021975s 10000 1001 8
0.030348s 10000 2001 8
0.018798s 10000 3001 8
0.028389s 10000 4001 8
0.021123s 10000 5001 8
0.022607s 10000 6001 8
0.019113s 10000 7001 8
0.018633s 10000 8001 8
0.019258s 10000 9001 8
0.441064s 110000 1 8
0.039675s 110000 11001 8
0.030480s 110000 22001 8
0.072809s 110000 33001 8
0.020629s 110000 44001 8
0.020564s 110000 55001 8
0.037458s 110000 66001 8
0.032039s 110000 77001 8
0.031008s 110000 88001 8
0.033334s 110000 99001 8
0.913729s 210000 1 8
0.061928s 210000 21001 8
0.072736s 210000 42001 8
0.062253s 210000 63001 8
0.053118s 210000 84001 8
0.025214s 210000 105001 8
0.035715s 210000 126001 8
0.058537s 210000 147001 8
0.053503s 210000 168001 8
0.077088s 210000 189001 8
0.838828s 310000 1 8
0.044735s 310000 31001 8
0.100694s 310000 62001 8
0.056212s 310000 93001 8
0.096743s 310000 124001 8
0.071666s 310000 155001 8
0.080094s 310000 186001 8
0.084396s 310000 217001 8
0.058510s 310000 248001 8
0.054041s 310000 279001 8
2.228742s 410000 1 8
0.065953s 410000 41001 8
0.065022s 410000 82001 8
0.051610s 410000 123001 8
0.066092s 410000 164001 8
0.057885s 410000 205001 8
0.055310s 410000 246001 8
0.060623s 410000 287001 8
0.121987s 410000 328001 8
0.067639s 410000 369001 8
2.988763s 510000 1 8
0.069428s 510000 51001 8
0.160606s 510000 102001 8
0.087092s 510000 153001 8
0.066775s 510000 204001 8
0.113974s 510000 255001 8
0.146001s 510000 306001 8
0.079770s 510000 357001 8
0.099266s 510000 408001 8
0.056500s 510000 459001 8
3.086036s 610000 1 8
0.070437s 610000 61001 8
0.057626s 610000 122001 8
0.077301s 610000 183001 8
0.084543s 610000 244001 8
0.062112s 610000 305001 8
0.067818s 610000 366001 8
0.066682s 610000 427001 8
0.080695s 610000 488001 8
0.095458s 610000 549001 8
4.255500s 710000 1 8
0.158327s 710000 71001 8
0.090765s 710000 142001 8
0.106959s 710000 213001 8
0.124724s 710000 284001 8
0.132129s 710000 355001 8
0.089311s 710000 426001 8
0.131009s 710000 497001 8
0.099255s 710000 568001 8
0.108421s 710000 639001 8
6.241242s 810000 1 8
0.149224s 810000 81001 8
0.121797s 810000 162001 8
0.127960s 810000 243001 8
0.112451s 810000 324001 8
0.110716s 810000 405001 8
0.107713s 810000 486001 8
0.112782s 810000 567001 8
0.117294s 810000 648001 8
0.124289s 810000 729001 8
5.965139s 910000 1 8
0.136623s 910000 91001 8
0.125104s 910000 182001 8
0.114231s 910000 273001 8
0.117856s 910000 364001 8
0.105288s 910000 455001 8
0.131653s 910000 546001 8
0.103189s 910000 637001 8
0.109937s 910000 728001 8
0.116927s 910000 819001 8
5.942631s 1010000 1 8
0.150728s 1010000 101001 8
0.188015s 1010000 202001 8
0.167505s 1010000 303001 8
0.135671s 1010000 404001 8
0.148102s 1010000 505001 8
0.136689s 1010000 606001 8
0.138419s 1010000 707001 8
0.151807s 1010000 808001 8
0.141195s 1010000 909001 8
7.453495s 1110000 1 8
0.173005s 1110000 111001 8
0.165045s 1110000 222001 8
0.165629s 1110000 333001 8
0.132659s 1110000 444001 8
0.123223s 1110000 555001 8
0.138553s 1110000 666001 8
0.172265s 1110000 777001 8
0.193299s 1110000 888001 8
0.123504s 1110000 999001 8
8.548786s 1210000 1 8
0.169857s 1210000 121001 8
0.142557s 1210000 242001 8
0.117171s 1210000 363001 8
0.135819s 1210000 484001 8
0.169231s 1210000 605001 8
0.156338s 1210000 726001 8
0.142032s 1210000 847001 8
0.173258s 1210000 968001 8
0.149310s 1210000 1089001 8
9.509713s 1310000 1 8
0.209053s 1310000 131001 8
0.205939s 1310000 262001 8
0.173285s 1310000 393001 8
0.163612s 1310000 524001 8
0.178262s 1310000 655001 8
0.183526s 1310000 786001 8
0.170379s 1310000 917001 8
0.140625s 1310000 1048001 8
0.188121s 1310000 1179001 8
9.568447s 1410000 1 8
0.208042s 1410000 141001 8
0.191849s 1410000 282001 8
0.142511s 1410000 423001 8
0.183837s 1410000 564001 8
0.212742s 1410000 705001 8
0.184831s 1410000 846001 8
0.186242s 1410000 987001 8
0.158397s 1410000 1128001 8
0.163847s 1410000 1269001 8
11.627867s 1510000 1 8
0.214781s 1510000 151001 8
0.182495s 1510000 302001 8
0.211292s 1510000 453001 8
0.180310s 1510000 604001 8
0.197755s 1510000 755001 8
0.167928s 1510000 906001 8
0.185898s 1510000 1057001 8
0.201429s 1510000 1208001 8
0.161643s 1510000 1359001 8
11.634575s 1610000 1 8
0.220407s 1610000 161001 8
0.203048s 1610000 322001 8
0.198138s 1610000 483001 8
0.184521s 1610000 644001 8
0.192530s 1610000 805001 8
0.173092s 1610000 966001 8
0.208130s 1610000 1127001 8
0.202146s 1610000 1288001 8
0.208131s 1610000 1449001 8
10.103371s 1710000 1 8
0.221415s 1710000 171001 8
0.211738s 1710000 342001 8
0.189090s 1710000 513001 8
0.209452s 1710000 684001 8
0.195902s 1710000 855001 8
0.210172s 1710000 1026001 8
0.199368s 1710000 1197001 8
0.202692s 1710000 1368001 8
0.213240s 1710000 1539001 8
13.616589s 1810000 1 8
0.234857s 1810000 181001 8
0.189196s 1810000 362001 8
0.185725s 1810000 543001 8
0.199147s 1810000 724001 8
0.201886s 1810000 905001 8
0.196187s 1810000 1086001 8
0.213631s 1810000 1267001 8
0.189719s 1810000 1448001 8
0.206738s 1810000 1629001 8
14.695844s 1910000 1 8
0.236495s 1910000 191001 8
0.223967s 1910000 382001 8
0.213927s 1910000 573001 8
0.198493s 1910000 764001 8
0.214661s 1910000 955001 8
0.217558s 1910000 1146001 8
0.221163s 1910000 1337001 8
0.222425s 1910000 1528001 8
0.210416s 1910000 1719001 8
14.803243s 2010000 1 8
0.249894s 2010000 201001 8
0.212009s 2010000 402001 8
0.211179s 2010000 603001 8
0.218038s 2010000 804001 8
0.214213s 2010000 1005001 8
0.216761s 2010000 1206001 8
0.226328s 2010000 1407001 8
0.218598s 2010000 1608001 8
0.219556s 2010000 1809001 8
13.346060s 2110000 1 8
0.246492s 2110000 211001 8
0.212106s 2110000 422001 8
0.220786s 2110000 633001 8
0.227224s 2110000 844001 8
0.232421s 2110000 1055001 8
0.219386s 2110000 1266001 8
0.224830s 2110000 1477001 8
0.223630s 2110000 1688001 8
0.224508s 2110000 1899001 8
15.421064s 2210000 1 8
0.257378s 2210000 221001 8
0.226288s 2210000 442001 8
0.227189s 2210000 663001 8
0.237335s 2210000 884001 8
0.221215s 2210000 1105001 8
0.220105s 2210000 1326001 8
0.223209s 2210000 1547001 8
0.228856s 2210000 1768001 8
0.225054s 2210000 1989001 8
17.801836s 2310000 1 8
0.260794s 2310000 231001 8
0.232093s 2310000 462001 8
0.227200s 2310000 693001 8
0.226925s 2310000 924001 8
0.222331s 2310000 1155001 8
0.217997s 2310000 1386001 8
0.239119s 2310000 1617001 8
0.218858s 2310000 1848001 8
0.243758s 2310000 2079001 8
16.082517s 2410000 1 8
0.266638s 2410000 241001 8
0.232837s 2410000 482001 8
0.231638s 2410000 723001 8
0.228796s 2410000 964001 8
0.232244s 2410000 1205001 8
0.240177s 2410000 1446001 8
0.235379s 2410000 1687001 8
0.243390s 2410000 1928001 8
0.235242s 2410000 2169001 8
12.756430s 2510000 1 8
0.273017s 2510000 251001 8
0.252973s 2510000 502001 8
0.234117s 2510000 753001 8
0.233738s 2510000 1004001 8
0.245484s 2510000 1255001 8
0.239025s 2510000 1506001 8
0.232604s 2510000 1757001 8
0.230676s 2510000 2008001 8
0.230757s 2510000 2259001 8
17.874119s 2610000 1 8
0.283881s 2610000 261001 8
0.248065s 2610000 522001 8
0.237423s 2610000 783001 8
0.235574s 2610000 1044001 8
0.233045s 2610000 1305001 8
0.237271s 2610000 1566001 8
0.237240s 2610000 1827001 8
0.242760s 2610000 2088001 8
0.240370s 2610000 2349001 8
18.639789s 2710000 1 8
0.289365s 2710000 271001 8
0.241939s 2710000 542001 8
0.245160s 2710000 813001 8
0.244905s 2710000 1084001 8
0.240610s 2710000 1355001 8
0.255631s 2710000 1626001 8
0.252257s 2710000 1897001 8
0.247913s 2710000 2168001 8
0.248137s 2710000 2439001 8
19.001608s 2810000 1 8
0.296567s 2810000 281001 8
0.273103s 2810000 562001 8
0.248026s 2810000 843001 8
0.262601s 2810000 1124001 8
0.246684s 2810000 1405001 8
0.243844s 2810000 1686001 8
0.244597s 2810000 1967001 8
0.245218s 2810000 2248001 8
0.258444s 2810000 2529001 8
20.433286s 2910000 1 8
0.299455s 2910000 291001 8
0.243883s 2910000 582001 8
0.253346s 2910000 873001 8
0.264655s 2910000 1164001 8
0.271741s 2910000 1455001 8
0.256880s 2910000 1746001 8
0.256273s 2910000 2037001 8
0.251436s 2910000 2328001 8
0.263986s 2910000 2619001 8
0.231074s 10000 1 16
0.071022s 10000 1001 16
0.040953s 10000 2001 16
0.076472s 10000 3001 16
0.038563s 10000 4001 16
0.037424s 10000 5001 16
0.082156s 10000 6001 16
0.104011s 10000 7001 16
0.040775s 10000 8001 16
0.166882s 10000 9001 16
0.546904s 110000 1 16
0.042273s 110000 11001 16
0.078610s 110000 22001 16
0.082496s 110000 33001 16
0.146620s 110000 44001 16
0.120930s 110000 55001 16
0.073894s 110000 66001 16
0.070721s 110000 77001 16
0.038580s 110000 88001 16
0.052426s 110000 99001 16
1.508907s 210000 1 16
0.075980s 210000 21001 16
0.144762s 210000 42001 16
0.087221s 210000 63001 16
0.117258s 210000 84001 16
0.133105s 210000 105001 16
0.182322s 210000 126001 16
0.115871s 210000 147001 16
0.070882s 210000 168001 16
0.075023s 210000 189001 16
2.872227s 310000 1 16
0.110884s 310000 31001 16
0.207094s 310000 62001 16
0.117305s 310000 93001 16
0.206128s 310000 124001 16
0.151430s 310000 155001 16
0.168556s 310000 186001 16
0.123627s 310000 217001 16
0.114894s 310000 248001 16
0.151439s 310000 279001 16
3.184826s 410000 1 16
0.158961s 410000 41001 16
0.199000s 410000 82001 16
0.208860s 410000 123001 16
0.147995s 410000 164001 16
0.173123s 410000 205001 16
0.166954s 410000 246001 16
0.156073s 410000 287001 16
0.152890s 410000 328001 16
0.146594s 410000 369001 16
4.151202s 510000 1 16
0.189438s 510000 51001 16
0.204507s 510000 102001 16
0.206206s 510000 153001 16
0.127977s 510000 204001 16
0.208509s 510000 255001 16
0.165870s 510000 306001 16
0.207171s 510000 357001 16
0.117475s 510000 408001 16
0.208304s 510000 459001 16
5.976257s 610000 1 16
0.151195s 610000 61001 16
0.206553s 610000 122001 16
0.207282s 610000 183001 16
0.210601s 610000 244001 16
0.148468s 610000 305001 16
0.210589s 610000 366001 16
0.208643s 610000 427001 16
0.197119s 610000 488001 16
0.208233s 610000 549001 16
6.718550s 710000 1 16
0.206172s 710000 71001 16
0.193227s 710000 142001 16
0.204070s 710000 213001 16
0.210757s 710000 284001 16
0.182031s 710000 355001 16
0.211328s 710000 426001 16
0.213105s 710000 497001 16
0.193776s 710000 568001 16
0.209106s 710000 639001 16
5.746316s 810000 1 16
0.210358s 810000 81001 16
0.179670s 810000 162001 16
0.210494s 810000 243001 16
0.202595s 810000 324001 16
0.206800s 810000 405001 16
0.213754s 810000 486001 16
0.208098s 810000 567001 16
0.208752s 810000 648001 16
0.205562s 810000 729001 16
8.502016s 910000 1 16
0.209615s 910000 91001 16
0.209276s 910000 182001 16
0.189887s 910000 273001 16
0.212271s 910000 364001 16
0.201159s 910000 455001 16
0.209685s 910000 546001 16
0.202015s 910000 637001 16
0.202239s 910000 728001 16
0.185437s 910000 819001 16
8.794542s 1010000 1 16
0.206622s 1010000 101001 16
0.208955s 1010000 202001 16
0.213457s 1010000 303001 16
0.206125s 1010000 404001 16
0.215718s 1010000 505001 16
0.211740s 1010000 606001 16
0.219412s 1010000 707001 16
0.219445s 1010000 808001 16
0.206092s 1010000 909001 16
10.780505s 1110000 1 16
0.208239s 1110000 111001 16
0.211254s 1110000 222001 16
0.215584s 1110000 333001 16
0.220335s 1110000 444001 16
0.219016s 1110000 555001 16
0.217708s 1110000 666001 16
0.220243s 1110000 777001 16
0.220470s 1110000 888001 16
0.217971s 1110000 999001 16
11.178866s 1210000 1 16
0.205968s 1210000 121001 16
0.214086s 1210000 242001 16
0.212742s 1210000 363001 16
0.208814s 1210000 484001 16
0.218331s 1210000 605001 16
0.220242s 1210000 726001 16
0.215772s 1210000 847001 16
0.219357s 1210000 968001 16
0.208174s 1210000 1089001 16
12.256031s 1310000 1 16
0.222195s 1310000 131001 16
0.226180s 1310000 262001 16
0.214907s 1310000 393001 16
0.213784s 1310000 524001 16
0.221059s 1310000 655001 16
0.222797s 1310000 786001 16
0.229916s 1310000 917001 16
0.218601s 1310000 1048001 16
0.220505s 1310000 1179001 16
11.987076s 1410000 1 16
0.220473s 1410000 141001 16
0.226849s 1410000 282001 16
0.223808s 1410000 423001 16
0.227593s 1410000 564001 16
0.213864s 1410000 705001 16
0.226788s 1410000 846001 16
0.220367s 1410000 987001 16
0.216848s 1410000 1128001 16
0.224621s 1410000 1269001 16
14.997329s 1510000 1 16
0.228645s 1510000 151001 16
0.221007s 1510000 302001 16
0.223315s 1510000 453001 16
0.221127s 1510000 604001 16
0.225554s 1510000 755001 16
0.222572s 1510000 906001 16
0.230431s 1510000 1057001 16
0.226754s 1510000 1208001 16
0.230909s 1510000 1359001 16
15.633601s 1610000 1 16
0.230595s 1610000 161001 16
0.227819s 1610000 322001 16
0.227878s 1610000 483001 16
0.220908s 1610000 644001 16
0.229729s 1610000 805001 16
0.227751s 1610000 966001 16
0.223695s 1610000 1127001 16
0.233859s 1610000 1288001 16
0.232411s 1610000 1449001 16
16.373255s 1710000 1 16
0.229024s 1710000 171001 16
0.237278s 1710000 342001 16
0.227808s 1710000 513001 16
0.219430s 1710000 684001 16
0.230283s 1710000 855001 16
0.228324s 1710000 1026001 16
0.228214s 1710000 1197001 16
0.231120s 1710000 1368001 16
0.229125s 1710000 1539001 16
18.492052s 1810000 1 16
0.233320s 1810000 181001 16
0.238830s 1810000 362001 16
0.232692s 1810000 543001 16
0.234939s 1810000 724001 16
0.227517s 1810000 905001 16
0.240263s 1810000 1086001 16
0.229998s 1810000 1267001 16
0.239310s 1810000 1448001 16
0.234053s 1810000 1629001 16
17.778536s 1910000 1 16
0.234418s 1910000 191001 16
0.230318s 1910000 382001 16
0.220060s 1910000 573001 16
0.231221s 1910000 764001 16
0.235722s 1910000 955001 16
0.233363s 1910000 1146001 16
0.240855s 1910000 1337001 16
0.235135s 1910000 1528001 16
0.238739s 1910000 1719001 16
18.487991s 2010000 1 16
0.238414s 2010000 201001 16
0.239655s 2010000 402001 16
0.239155s 2010000 603001 16
0.233830s 2010000 804001 16
0.242211s 2010000 1005001 16
0.229380s 2010000 1206001 16
0.243422s 2010000 1407001 16
0.251320s 2010000 1608001 16
0.232248s 2010000 1809001 16
19.864034s 2110000 1 16
0.234475s 2110000 211001 16
0.240676s 2110000 422001 16
0.235826s 2110000 633001 16
0.249906s 2110000 844001 16
0.250985s 2110000 1055001 16
0.236316s 2110000 1266001 16
0.239605s 2110000 1477001 16
0.236446s 2110000 1688001 16
0.239318s 2110000 1899001 16
21.575387s 2210000 1 16
0.247966s 2210000 221001 16
0.244649s 2210000 442001 16
0.233241s 2210000 663001 16
0.243914s 2210000 884001 16
0.238390s 2210000 1105001 16
0.241391s 2210000 1326001 16
0.244426s 2210000 1547001 16
0.238960s 2210000 1768001 16
0.242800s 2210000 1989001 16
20.891817s 2310000 1 16
0.229697s 2310000 231001 16
0.250954s 2310000 462001 16
0.253782s 2310000 693001 16
0.267040s 2310000 924001 16
0.253146s 2310000 1155001 16
0.261312s 2310000 1386001 16
0.250048s 2310000 1617001 16
0.244966s 2310000 1848001 16
0.257200s 2310000 2079001 16
22.451358s 2410000 1 16
0.246397s 2410000 241001 16
0.246506s 2410000 482001 16
0.234818s 2410000 723001 16
0.253712s 2410000 964001 16
0.261203s 2410000 1205001 16
0.244725s 2410000 1446001 16
0.257330s 2410000 1687001 16
0.259045s 2410000 1928001 16
0.265388s 2410000 2169001 16
24.705935s 2510000 1 16
0.244500s 2510000 251001 16
0.251019s 2510000 502001 16
0.251351s 2510000 753001 16
0.249089s 2510000 1004001 16
0.270472s 2510000 1255001 16
0.246228s 2510000 1506001 16
0.244457s 2510000 1757001 16
0.256182s 2510000 2008001 16
0.255239s 2510000 2259001 16
25.597348s 2610000 1 16
0.252019s 2610000 261001 16
0.254867s 2610000 522001 16
0.254746s 2610000 783001 16
0.251609s 2610000 1044001 16
0.248054s 2610000 1305001 16
0.268888s 2610000 1566001 16
0.279399s 2610000 1827001 16
0.263207s 2610000 2088001 16
0.250450s 2610000 2349001 16
27.080498s 2710000 1 16
0.252909s 2710000 271001 16
0.251769s 2710000 542001 16
0.267312s 2710000 813001 16
0.263800s 2710000 1084001 16
0.264393s 2710000 1355001 16
0.255566s 2710000 1626001 16
0.248612s 2710000 1897001 16
0.254787s 2710000 2168001 16
0.259782s 2710000 2439001 16
25.845108s 2810000 1 16
0.282191s 2810000 281001 16
0.266738s 2810000 562001 16
0.267593s 2810000 843001 16
0.253962s 2810000 1124001 16
0.273799s 2810000 1405001 16
0.256013s 2810000 1686001 16
0.263557s 2810000 1967001 16
0.286527s 2810000 2248001 16
0.265773s 2810000 2529001 16
27.074468s 2910000 1 16
0.277075s 2910000 291001 16
0.345036s 2910000 582001 16
0.259486s 2910000 873001 16
0.259164s 2910000 1164001 16
0.284884s 2910000 1455001 16
0.276767s 2910000 1746001 16
0.265381s 2910000 2037001 16
0.260190s 2910000 2328001 16
0.262940s 2910000 2619001 16
