0.001247s 10000 10000 1
0.077731s 1010000 1010000 1
0.133625s 2010000 2010000 1
0.207314s 3010000 3010000 1
0.272096s 4010000 4010000 1
0.339216s 5010000 5010000 1
0.446930s 6010000 6010000 1
0.600958s 7010000 7010000 1
0.535135s 8010000 8010000 1
0.634836s 9010000 9010000 1
0.666498s 10010000 10010000 1
0.726905s 11010000 11010000 1
0.805303s 12010000 12010000 1
0.865262s 13010000 13010000 1
0.918727s 14010000 14010000 1
1.016505s 15010000 15010000 1
1.082330s 16010000 16010000 1
1.129546s 17010000 17010000 1
1.195767s 18010000 18010000 1
1.266699s 19010000 19010000 1
1.324648s 20010000 20010000 1
1.422044s 21010000 21010000 1
1.446006s 22010000 22010000 1
1.674154s 23010000 23010000 1
1.607676s 24010000 24010000 1
1.674222s 25010000 25010000 1
1.752188s 26010000 26010000 1
1.883824s 27010000 27010000 1
2.227287s 28010000 28010000 1
1.941093s 29010000 29010000 1
0.000878s 10000 5000 2
0.069123s 1010000 505000 2
0.093387s 2010000 1005000 2
0.154752s 3010000 1505000 2
0.216500s 4010000 2005000 2
0.246105s 5010000 2505000 2
0.286216s 6010000 3005000 2
0.317123s 7010000 3505000 2
0.410774s 8010000 4005000 2
0.414679s 9010000 4505000 2
0.478594s 10010000 5005000 2
0.563665s 11010000 5505000 2
0.597533s 12010000 6005000 2
0.647362s 13010000 6505000 2
0.667628s 14010000 7005000 2
0.689618s 15010000 7505000 2
0.758865s 16010000 8005000 2
0.816630s 17010000 8505000 2
0.871524s 18010000 9005000 2
0.915004s 19010000 9505000 2
0.947120s 20010000 10005000 2
1.078301s 21010000 10505000 2
1.054140s 22010000 11005000 2
1.078597s 23010000 11505000 2
1.120720s 24010000 12005000 2
1.214038s 25010000 12505000 2
1.319476s 26010000 13005000 2
1.272492s 27010000 13505000 2
1.307803s 28010000 14005000 2
1.347897s 29010000 14505000 2
0.001111s 10000 2500 4
0.048338s 1010000 252500 4
0.078742s 2010000 502500 4
0.110887s 3010000 752500 4
0.172594s 4010000 1002500 4
0.189237s 5010000 1252500 4
0.252522s 6010000 1502500 4
0.271240s 7010000 1752500 4
0.316872s 8010000 2002500 4
0.346866s 9010000 2252500 4
0.386247s 10010000 2502500 4
0.397954s 11010000 2752500 4
0.446500s 12010000 3002500 4
0.474586s 13010000 3252500 4
0.510958s 14010000 3502500 4
0.638124s 15010000 3752500 4
0.579980s 16010000 4002500 4
0.706032s 17010000 4252500 4
0.748477s 18010000 4502500 4
0.717833s 19010000 4752500 4
0.839216s 20010000 5002500 4
0.913658s 21010000 5252500 4
0.820330s 22010000 5502500 4
0.907624s 23010000 5752500 4
0.891762s 24010000 6002500 4
0.917808s 25010000 6252500 4
0.965196s 26010000 6502500 4
0.992384s 27010000 6752500 4
1.045799s 28010000 7002500 4
1.060362s 29010000 7252500 4
0.001468s 10000 1250 8
0.046241s 1010000 126250 8
0.082750s 2010000 251250 8
0.121349s 3010000 376250 8
0.152793s 4010000 501250 8
0.190510s 5010000 626250 8
0.232001s 6010000 751250 8
0.263916s 7010000 876250 8
0.300035s 8010000 1001250 8
0.341212s 9010000 1126250 8
0.373377s 10010000 1251250 8
0.406870s 11010000 1376250 8
0.456436s 12010000 1501250 8
0.496603s 13010000 1626250 8
0.507142s 14010000 1751250 8
0.572318s 15010000 1876250 8
0.681641s 16010000 2001250 8
0.617278s 17010000 2126250 8
0.685337s 18010000 2251250 8
0.867850s 19010000 2376250 8
0.812934s 20010000 2501250 8
0.776626s 21010000 2626250 8
0.917142s 22010000 2751250 8
0.847940s 23010000 2876250 8
0.939024s 24010000 3001250 8
0.967523s 25010000 3126250 8
0.994820s 26010000 3251250 8
0.997625s 27010000 3376250 8
1.086874s 28010000 3501250 8
1.063624s 29010000 3626250 8
0.002029s 10000 625 16
0.047271s 1010000 63125 16
0.083658s 2010000 125625 16
0.131296s 3010000 188125 16
0.163710s 4010000 250625 16
0.204277s 5010000 313125 16
0.257624s 6010000 375625 16
0.280114s 7010000 438125 16
0.298323s 8010000 500625 16
0.339688s 9010000 563125 16
0.386598s 10010000 625625 16
0.404029s 11010000 688125 16
0.447318s 12010000 750625 16
0.524401s 13010000 813125 16
0.529198s 14010000 875625 16
0.589435s 15010000 938125 16
0.597443s 16010000 1000625 16
0.662657s 17010000 1063125 16
0.653538s 18010000 1125625 16
0.738955s 19010000 1188125 16
0.754187s 20010000 1250625 16
0.802915s 21010000 1313125 16
0.809356s 22010000 1375625 16
0.832568s 23010000 1438125 16
0.851307s 24010000 1500625 16
0.904347s 25010000 1563125 16
0.958831s 26010000 1625625 16
0.978362s 27010000 1688125 16
1.028924s 28010000 1750625 16
1.072118s 29010000 1813125 16
